20130226_152815_470: -55.30827, 174.7325, -76.19045
20130226_152815_483: -55.42984, 174.85928, -75.98834
20130226_152815_505: -55.07117, 174.59883, -75.98283
20130226_152815_656: -55.94888, 175.35287, -76.150085
20130226_152815_816: -56.024883, 175.22902, -76.34992
20130226_152816_197: -55.38459, 174.86803, -76.40745
20130226_152816_219: -54.72126, 174.68167, -76.485695
20130226_152816_365: -54.91685, 174.63104, -75.91744
20130226_152816_564: -54.99782, 174.70526, -75.88251
20130226_152816_715: -54.722397, 174.76593, -76.39175
20130226_152816_915: -54.329308, 174.88008, -76.8358
20130226_152817_065: -54.419224, 174.87808, -76.57611
20130226_152817_258: -54.61474, 175.07391, -76.60399
20130226_152817_768: -55.329952, 175.53891, -76.8409
20130226_152817_774: -55.576202, 175.32204, -76.70584
20130226_152817_807: -55.454906, 175.45007, -76.95802
20130226_152817_960: -56.20603, 175.9343, -77.26472
20130226_152818_113: -56.221916, 175.80263, -77.45616
20130226_152818_340: -55.94334, 175.65268, -77.6189
20130226_152818_468: -55.669315, 175.26091, -77.1121
20130226_152818_617: -55.390884, 175.11093, -76.97342
20130226_152818_765: -55.117706, 175.2187, -77.19354
20130226_152818_915: -54.910946, 175.37184, -77.43011
20130226_152819_121: -54.656956, 175.4242, -77.56886
20130226_152819_356: -54.62655, 175.5197, -77.589294
20130226_152819_999: -54.783714, 175.54309, -77.38223
20130226_152820_005: -55.166855, 175.55922, -77.284645
20130226_152820_011: -55.01062, 175.58092, -77.55327
20130226_152820_059: -55.18121, 175.9072, -77.83143
20130226_152820_630: -55.84881, 176.18689, -77.928955
20130226_152820_650: -56.145695, 176.01721, -77.865166
20130226_152820_673: -57.18614, 176.92194, -78.490906
20130226_152820_811: -57.977036, 177.53714, -79.75866
20130226_152821_067: -58.4969, 177.61667, -79.67411
20130226_152821_159: -59.104042, 177.39622, -79.51899
20130226_152821_357: -59.13768, 177.19017, -79.60256
20130226_152821_514: -59.9259, 177.71405, -79.90312
20130226_152821_665: -59.806286, 178.45656, -80.223976
20130226_152821_815: -60.28722, 176.16644, -80.37126
20130226_152822_008: -60.045025, 176.97604, -81.19383
20130226_152822_160: -59.584454, 176.82895, -80.28978
20130226_152822_665: -60.07405, 176.91544, -79.78555
20130226_152822_672: -59.983086, 177.05481, -79.92272
20130226_152822_681: -58.655952, 176.31544, -79.84134
20130226_152822_811: -59.478962, 177.08618, -80.113396
20130226_152822_960: -59.86452, 177.42986, -80.68153
20130226_152823_311: -59.39954, 176.96027, -80.743195
20130226_152823_351: -58.96751, 176.79498, -80.41666
20130226_152823_467: -59.060257, 176.88135, -80.20093
20130226_152823_615: -58.75726, 176.65994, -80.004295
20130226_152823_812: -58.183323, 176.62495, -80.283226
20130226_152823_965: -58.425846, 176.75156, -80.15734
20130226_152824_162: -58.4851, 176.95728, -80.26457
20130226_152824_315: -58.35157, 177.0956, -80.53036
20130226_152824_858: -58.399612, 177.10535, -80.37486
20130226_152824_866: -59.08336, 177.53366, -80.50533
20130226_152824_874: -58.91134, 177.10358, -80.214516
20130226_152825_010: -59.411743, 177.27893, -80.54381
20130226_152825_501: -60.233486, 177.62337, -80.93279
20130226_152825_733: -60.564873, 177.40723, -80.45072
20130226_152825_752: -60.73549, 177.35667, -80.85412
20130226_152825_810: -61.23774, 177.48944, -80.7855
20130226_152826_007: -61.18407, 177.1032, -80.65803
20130226_152826_159: -60.65271, 176.89568, -80.17224
20130226_152826_360: -60.49492, 177.38129, -80.502144
20130226_152826_510: -60.70909, 177.48524, -81.096886
20130226_152826_665: -61.46613, 177.80096, -81.36334
20130226_152827_322: -61.833557, 177.90045, -81.658165
20130226_152827_329: -62.523354, 177.79439, -81.359924
20130226_152827_339: -62.560913, 177.66481, -81.46985
20130226_152827_406: -62.745235, 177.7836, -81.0021
20130226_152827_562: -63.553143, 177.98196, -81.11465
20130226_152827_958: -62.82221, 177.48611, -81.48236
20130226_152827_993: -62.810223, 177.29292, -80.54091
20130226_152828_158: -62.46922, 177.157, -81.10127
20130226_152828_310: -62.22166, 177.02577, -80.59561
20130226_152828_461: -62.318665, 177.45757, -82.27254
20130226_152828_663: -61.158085, 176.75723, -81.39709
20130226_152828_812: -61.114964, 177.27109, -82.05335
20130226_152828_967: -60.719658, 176.79483, -80.30051
20130226_152829_508: -60.91238, 177.36299, -82.55321
20130226_152829_517: -61.348618, 177.95781, -82.029396
20130226_152829_524: -60.637753, 177.04675, -79.426895
20130226_152829_661: -61.005974, 177.02783, -79.70808
20130226_152829_860: -61.840664, 177.51894, -82.2534
20130226_152830_075: -61.652565, 177.89796, -83.187195
20130226_152830_505: -61.027065, 176.93123, -80.39805
20130226_152830_524: -60.98339, 177.12164, -79.541405
20130226_152830_560: -61.492702, 177.70178, -81.40575
20130226_152830_760: -60.259544, 177.05435, -81.00735
20130226_152830_965: -59.346844, 177.4347, -81.26462
20130226_152831_159: -59.786427, 178.28201, -81.462326
20130226_152831_614: -59.904594, 178.36737, -81.49297
20130226_152831_621: -60.63952, 178.89996, -82.75656
20130226_152831_710: -60.796577, 177.73042, -82.25927
20130226_152831_862: -61.501293, 177.0775, -81.25051
20130226_152832_060: -60.486313, 176.29375, -81.51054
20130226_152832_210: -60.06942, 176.35979, -81.98072
20130226_152832_597: -60.172955, 177.37535, -83.424446
20130226_152832_609: -60.18726, 177.61859, -83.61483
20130226_152832_765: -59.72871, 176.99023, -80.971794
20130226_152832_966: -58.8988, 176.89789, -79.115166
20130226_152833_126: -58.443214, 176.55215, -79.02214
20130226_152833_315: -58.16746, 176.48048, -79.73163
20130226_152833_515: -59.096672, 176.64127, -80.73256
20130226_152833_707: -59.20667, 176.655, -81.87896
20130226_152833_907: -60.092785, 177.36087, -82.557106
20130226_152834_107: -60.739582, 177.76216, -82.87812
20130226_152834_749: -60.87056, 177.84767, -82.13249
20130226_152834_767: -60.92818, 177.6819, -80.72889
20130226_152834_787: -59.168625, 177.00418, -79.50797
20130226_152834_801: -59.53086, 177.37428, -78.649864
20130226_152834_965: -59.30985, 176.49582, -78.25455
20130226_152835_162: -58.828445, 176.38084, -78.41219
20130226_152835_606: -58.618954, 176.2218, -78.129684
20130226_152835_629: -58.080715, 176.4669, -78.20012
20130226_152835_708: -57.968964, 177.68153, -79.5099
20130226_152835_944: -58.437416, 178.95383, -81.13105
20130226_152836_358: -59.940395, 178.96182, -82.242455
20130226_152836_370: -60.205418, 177.46725, -81.32454
20130226_152836_460: -60.003933, 176.49045, -79.1884
20130226_152836_610: -60.523766, 178.34679, -81.49111
20130226_152836_810: -59.627327, 176.25633, -80.279076
20130226_152837_225: -58.503197, 176.27464, -78.74721
20130226_152837_243: -58.21724, 177.5787, -80.83805
20130226_152837_366: -58.021854, 176.61275, -80.268005
20130226_152837_565: -58.01508, 177.19247, -79.54954
20130226_152837_769: -57.707504, 177.25478, -79.88708
20130226_152837_965: -57.052273, 176.87016, -78.68492
20130226_152838_120: -56.823147, 177.31885, -80.24338
20130226_152838_307: -57.00388, 177.52728, -80.77754
20130226_152838_867: -57.895515, 177.17223, -78.65421
20130226_152838_874: -58.361176, 178.16609, -78.18868
20130226_152838_880: -58.28111, 177.56805, -78.75633
20130226_152838_958: -58.785397, 178.08621, -77.834724
20130226_152839_110: -60.147102, 178.57355, -79.55069
20130226_152839_260: -60.74506, 177.18332, -78.30447
20130226_152839_489: -61.94798, 176.41582, -79.342766
20130226_152839_664: -62.154465, 177.08162, -81.37058
20130226_152839_815: -62.193577, 176.10922, -81.19944
20130226_152840_017: -61.68001, 175.34914, -79.66231
20130226_152840_208: -63.044926, 175.76102, -81.12373
20130226_152840_612: -64.27269, 175.57813, -80.37867
20130226_152840_638: -65.3353, 175.43108, -81.04566
20130226_152840_721: -66.499435, 175.61786, -81.28404
20130226_152841_194: -67.60582, 175.73311, -81.481735
20130226_152841_200: -68.35563, 176.14825, -82.017334
20130226_152841_210: -68.83713, 175.13237, -81.38757
20130226_152841_360: -69.520996, 175.44487, -81.282074
20130226_152841_512: -69.99454, 175.12137, -81.75283
20130226_152841_712: -69.93817, 175.29828, -81.5831
20130226_152841_881: -69.621925, 175.55766, -81.652306
20130226_152842_066: -69.00906, 175.09795, -81.11938
20130226_152842_265: -69.62389, 175.41669, -80.80443
20130226_152842_416: -69.933556, 176.15805, -81.61185
20130226_152842_611: -69.58951, 174.74998, -78.37518
20130226_152842_809: -70.18944, 174.66211, -78.54792
20130226_152843_450: -71.71685, 175.23569, -78.3095
20130226_152843_459: -74.08584, 174.72072, -76.844666
20130226_152843_466: -76.04635, 174.58862, -77.789
20130226_152843_508: -77.55217, 174.61505, -77.48761
20130226_152843_660: -80.22579, 174.16948, -76.40158
20130226_152843_813: -81.85353, 173.8539, -76.550644
20130226_152844_172: -83.75437, 174.35254, -77.30171
20130226_152844_207: -82.887375, 172.91829, -75.659065
20130226_152844_366: -80.6223, 171.82472, -74.43199
20130226_152844_516: -79.69508, 172.68878, -75.69215
20130226_152844_719: -77.824135, 172.75636, -76.674034
20130226_152844_917: -77.9088, 175.12837, -81.724976
20130226_152845_119: -75.42528, 173.916, -79.434296
20130226_152846_025: -72.758766, 174.2497, -79.00029
20130226_152846_033: 253.01627, 177.3359, -82.491
20130226_152846_040: 252.22441, 177.80736, -82.61012
20130226_152846_049: 248.12816, 175.3767, -80.33045
20130226_152846_056: 243.65868, 173.99416, -78.409904
20130226_152846_167: 240.46524, 174.0511, -78.68478
20130226_152846_361: 235.35976, 172.5664, -77.85238
20130226_152846_621: 233.08676, 172.07002, -79.03445
20130226_152846_660: 231.92342, 172.56438, -80.96803
20130226_152846_815: 227.77916, 171.35283, -78.24665
20130226_152847_015: 224.50189, 169.94038, -77.51861
20130226_152847_207: 222.3507, 171.78134, -79.99165
20130226_152847_367: 222.08748, 172.0539, -81.501526
20130226_152847_518: 222.39833, 173.42769, -83.40496
20130226_152847_767: 221.85449, 6.8736796, -83.05358
20130226_152848_196: 222.07495, 5.8151193, -84.02754
20130226_152848_204: 225.80234, 2.8264196, -84.42869
20130226_152848_214: 227.02785, 2.3914895, -84.79884
20130226_152848_360: 228.83022, 2.1913223, -84.01409
20130226_152848_510: 229.12503, 2.8294888, -84.84045
20130226_152848_840: 224.8936, 174.34178, -84.30395
20130226_152848_907: 220.83324, 172.55042, -81.56185
20130226_152849_065: 217.93915, 171.36023, -79.25608
20130226_152849_265: 217.9421, 172.44308, -81.213005
20130226_152849_463: 222.06454, 174.64575, -84.63934
20130226_152849_615: 219.66641, 173.12543, -82.45557
20130226_152849_815: 221.94206, 173.84924, -83.80658
20130226_152850_560: 223.50674, 5.3399725, -84.59355
20130226_152850_568: 223.36372, 5.756285, -84.24252
20130226_152850_574: 224.36165, 5.666919, -84.284424
20130226_152850_580: 224.14105, 6.097298, -83.846664
20130226_152850_659: 223.95663, 5.6974764, -84.2621
20130226_152850_810: 222.8931, 5.9678345, -84.01957
20130226_152851_221: 221.02475, 173.23499, -83.22715
20130226_152851_242: 220.67137, 5.850276, -84.01019
20130226_152851_357: 216.98491, 173.00598, -82.88367
20130226_152851_510: 219.41632, 4.918274, -84.4918
20130226_152851_665: 218.9351, 4.6083746, -84.760216
20130226_152851_866: 216.61668, 5.5906177, -84.27936
20130226_152852_065: 213.31432, 173.65848, -83.62626
20130226_152852_258: 208.15448, 172.399, -81.71302
20130226_152852_908: 203.01814, 173.41898, -80.99596
20130226_152852_917: 202.75284, 174.92944, -82.941086
20130226_152852_923: 199.29993, 174.86778, -81.89251
20130226_152853_011: 193.85052, 174.2758, -78.9013
20130226_152853_208: 186.98299, 173.32127, -75.102
20130226_152853_407: 180.8588, 172.53897, -72.34039
20130226_152853_565: 175.38498, 171.90747, -70.45391
20130226_152853_715: 172.6579, 172.04248, -70.752014
20130226_152853_922: 170.16959, 170.12006, -70.52998
20130226_152854_119: 176.54692, 170.20601, -75.04711
20130226_152854_315: 173.18785, 169.2873, -72.48188
20130226_152854_507: 173.74698, 168.99188, -73.09213
20130226_152855_070: 171.65839, 168.97408, -71.47043
20130226_152855_085: 175.53043, 170.06084, -74.21188
20130226_152855_092: 175.797, 170.05966, -74.4662
20130226_152855_211: 176.55132, 169.68648, -73.94962
20130226_152855_361: 176.34639, 169.39124, -73.233475
20130226_152855_565: 174.0046, 168.95514, -72.529724
20130226_152855_715: 171.10175, 168.73256, -71.164696
20130226_152855_866: 170.899, 168.99751, -71.75398
20130226_152856_066: 312.77383, 168.07489, -67.35241
20130226_152856_307: 163.1494, 169.24219, -69.19773
20130226_152856_465: 158.37428, 169.49747, -67.30663
20130226_152856_657: 153.39584, 170.20786, -66.37287
20130226_152857_235: 149.47694, 169.50095, -64.58776
20130226_152857_242: 145.25105, 170.33672, -63.39558
20130226_152857_253: 143.10347, 171.00938, -64.12269
20130226_152857_361: 145.53659, 170.8259, -65.33841
20130226_152857_615: 145.266, 169.80406, -63.494476
20130226_152857_715: 142.85376, 171.16847, -65.267876
20130226_152857_865: 140.05212, 170.41377, -63.546337
20130226_152858_015: 137.50334, 171.51373, -65.13006
20130226_152858_210: 134.60387, 172.15898, -66.63248
20130226_152858_364: 132.71202, 172.30534, -66.60946
20130226_152858_514: 129.56758, 173.23882, -65.81287
20130226_152858_707: 126.57431, 173.87947, -65.705414
20130226_152859_215: 126.83857, 173.23257, -64.96376
20130226_152859_221: 129.81915, 173.47408, -66.46697
20130226_152859_258: 131.6646, 174.5804, -67.75626
20130226_152859_411: 134.14409, 174.27823, -67.0631
20130226_152859_610: 137.60374, 173.92819, -67.07415
20130226_152859_858: 136.98032, 175.29448, -67.59004
20130226_152859_965: 139.41661, 175.9262, -69.81348
20130226_152900_158: 142.66135, 175.68167, -70.56397
20130226_152900_315: 145.37746, 175.7301, -71.17205
20130226_152900_515: 152.41756, 175.21918, -73.13662
20130226_152900_665: 158.3019, 174.25755, -75.300354
20130226_152901_953: 164.26215, 173.91202, -77.782875
20130226_152901_972: 169.71579, 172.99876, -77.51049
20130226_152902_386: 170.60152, 171.9487, -75.69892
20130226_152902_394: 174.10266, 170.73601, -75.26243
20130226_152902_401: 178.36833, 171.19194, -76.76397
20130226_152902_407: 182.43127, 172.05667, -78.99895
20130226_152902_416: 176.592, 170.94331, -74.346596
20130226_152902_422: 177.0808, 170.65897, -74.38973
20130226_152902_429: 174.31113, 171.37021, -73.25047
20130226_152902_438: 177.86649, 171.44666, -76.35403
20130226_152902_457: 175.82721, 171.24498, -73.77457
20130226_152902_611: 179.19124, 171.56221, -74.55519
20130226_152902_812: 177.36497, 171.53426, -73.43101
20130226_152903_012: 176.76604, 172.2933, -73.9046
20130226_152903_212: 178.2924, 173.00758, -74.263756
20130226_152903_366: 180.57861, 174.09406, -75.80641
20130226_152903_521: 180.13051, 174.96701, -74.77585
20130226_152903_710: 178.93858, 174.51134, -73.17419
20130226_152903_864: 175.37262, 175.34526, -71.93148
20130226_152904_014: 173.531, 175.77467, -71.47094
20130226_152904_208: 173.35413, 175.96764, -71.46332
20130226_152904_790: 178.20287, 176.21477, -73.650406
20130226_152904_799: 183.98247, 175.99055, -74.56459
20130226_152904_808: 188.7568, 175.68057, -76.010574
20130226_152904_960: 190.00157, 175.18852, -75.443405
20130226_152905_113: 193.6182, 175.74323, -76.17397
20130226_152905_316: 202.32799, 175.53824, -79.56165
20130226_152905_466: 206.89063, 176.29115, -82.06425
20130226_152905_665: 212.00352, 177.74924, -84.64924
20130226_152905_819: 213.99774, 177.67613, -85.1656
20130226_152906_015: 217.4036, 179.68066, -86.169846
20130226_152906_211: 218.09756, 179.34085, -85.89705
20130226_152906_407: 215.79659, 177.92302, -82.87103
20130226_152906_921: 220.72293, 179.8302, -86.29939
20130226_152906_929: 219.71858, 178.74614, -83.86501
20130226_152906_936: 223.41228, -179.23299, -86.470184
20130226_152907_061: 226.01575, -178.97002, -87.68117
20130226_152907_261: 230.07272, -178.984, -88.9247
20130226_152907_424: 231.3206, -178.23358, -87.12178
20130226_152907_560: 233.33522, -177.54674, -87.09473
20130226_152907_715: 232.466, -178.69913, -87.06123
20130226_152907_865: 232.50014, -178.91666, -87.44683
20130226_152908_065: 233.97935, -177.74214, -86.68399
20130226_152908_265: 233.97636, -177.86244, -85.43695
20130226_152908_416: 234.14769, -178.63655, -85.310165
20130226_152908_986: 234.43445, -179.4323, -85.03446
20130226_152908_993: 232.21394, 179.87225, -82.45493
20130226_152909_000: 230.87807, 179.20267, -82.71134
20130226_152909_107: 229.8824, 178.6996, -82.7791
20130226_152909_262: 229.59616, 178.66603, -82.75322
20130226_152909_668: 228.76578, 177.34126, -81.9236
20130226_152909_704: 228.13478, 177.51114, -83.018166
20130226_152909_860: 225.26404, 174.93478, -78.72158
20130226_152910_060: 227.13196, 175.80336, -82.8555
20130226_152910_261: 228.79514, 175.98671, -83.90415
20130226_152910_460: 226.93338, 175.5664, -82.06674
20130226_152910_661: 232.4359, 178.11339, -87.69392
20130226_152910_863: 230.91592, 176.63568, -84.033936
20130226_152911_261: 233.15279, 178.04848, -87.3021
20130226_152911_274: 233.53047, 177.72165, -86.9249
20130226_152911_360: 232.68974, 177.61902, -85.547035
20130226_152911_510: 232.50244, 178.0004, -85.978165
20130226_152911_660: 233.10832, 178.56096, -87.30468
20130226_152911_952: 233.4997, 178.9113, -87.43367
20130226_152912_010: 233.80937, 178.49794, -86.70842
20130226_152912_164: 233.0328, 177.197, -85.3192
20130226_152912_315: 233.347, 176.97296, -86.75597
20130226_152912_515: 234.4535, 177.79721, -87.68762
20130226_152912_715: 233.85455, 177.43062, -85.920586
20130226_152912_915: 232.43098, 176.39464, -84.06197
20130226_152913_495: 232.2908, 177.17018, -84.316925
20130226_152913_506: 231.77365, 176.51912, -83.97284
20130226_152913_512: 232.26453, 176.54474, -83.99319
20130226_152913_612: 233.74327, 177.10649, -85.5776
20130226_152913_815: 232.80412, 177.10236, -84.38444
20130226_152914_158: 232.14734, 176.73938, -83.82213
20130226_152914_171: 233.4056, 177.66328, -86.01559
20130226_152914_316: 232.11256, 176.33195, -83.954605
20130226_152914_515: 230.68756, 174.99634, -82.94019
20130226_152914_712: 230.224, 175.25438, -83.4128
20130226_152915_660: 231.77356, 176.57085, -85.55098
20130226_152915_689: 233.857, 176.31152, -86.21216
20130226_152915_716: 233.86705, 175.74217, -85.6761
20130226_152916_163: 233.8073, 177.44412, -87.0062
20130226_152916_171: 232.55045, 177.12538, -86.14951
20130226_152916_178: 232.4352, 177.18785, -86.77222
20130226_152916_185: 232.60518, 177.80458, -87.34109
20130226_152916_195: 232.37553, 178.74217, -88.24113
20130226_152916_363: 232.12323, 179.09427, -88.344
20130226_152916_563: 232.62254, 0.9638448, -88.98272
20130226_152916_763: 233.14087, 0.8136838, -88.753456
20130226_152917_128: 234.87154, -0.28397647, -88.52326
20130226_152917_154: 235.50581, 0.24772835, -87.001465
20130226_152917_315: 235.84502, 0.31207633, -87.62993
20130226_152917_467: 234.29196, 1.380904, -87.8294
20130226_152917_670: 232.4317, 0.834805, -89.15369
20130226_152917_864: 231.07988, 178.77106, -88.69912
20130226_152918_014: 233.9156, -2.703133, -85.7848
20130226_152918_195: 234.0315, -1.6214418, -87.34791
20130226_152918_690: 235.12628, -3.016467, -85.882126
20130226_152918_702: 235.14343, -3.320998, -85.79012
20130226_152918_709: 235.09128, -3.5014706, -84.91058
20130226_152918_862: 235.57872, -4.7007694, -83.76667
20130226_152919_061: 234.45587, -2.807332, -86.08394
20130226_152919_304: 235.05498, -3.5268722, -85.28971
20130226_152919_360: 236.06326, -4.1426296, -84.21466
20130226_152919_518: 237.8196, -4.307419, -84.68644
20130226_152919_715: 239.15717, -5.306911, -82.5437
20130226_152919_907: 239.55786, -6.799986, -81.55605
20130226_152920_062: 240.60538, -7.2665715, -81.02668
20130226_152920_217: 241.42546, -6.766576, -82.02958
20130226_152920_410: 241.13705, -6.0126224, -83.13059
20130226_152920_950: 241.63956, -7.150274, -82.58351
20130226_152920_956: 242.00096, -6.556829, -83.29659
20130226_152920_965: 241.5464, -5.532075, -84.15101
20130226_152921_113: 240.42444, -6.4587326, -83.519165
20130226_152921_502: 239.83105, -174.86465, -84.80143
20130226_152921_536: 238.78113, -176.57324, -86.45889
20130226_152921_660: 240.33122, -175.38599, -85.05845
20130226_152921_815: 239.78949, -176.71025, -86.41902
20130226_152922_014: 239.97308, -177.10017, -86.709145
20130226_152922_210: 238.93568, -177.60664, -86.64739
20130226_152922_365: 238.33069, -177.81657, -85.687416
20130226_152922_516: 236.62239, -178.2384, -85.00505
20130226_152923_128: 235.71857, -178.6192, -83.87393
20130226_152923_138: 235.19751, -178.68442, -82.10303
20130226_152923_147: 234.32884, -179.24512, -81.108116
20130226_152923_258: 235.16437, -177.9405, -80.05827
20130226_152923_456: 236.2839, -176.05707, -78.1381
20130226_152923_752: 236.7088, -177.23141, -78.52981
20130226_152923_792: 239.93294, -176.39217, -79.748146
20130226_152923_965: 243.89873, -175.81056, -78.57789
20130226_152924_162: 248.92876, -173.6342, -77.68712
20130226_152924_360: 252.4014, -169.65416, -75.827484
20130226_152924_514: 134.5866, -167.01648, -73.86522
20130226_152924_664: 133.05406, -167.60738, -73.43301
20130226_152924_861: 148.12917, -163.4773, -70.24778
20130226_152925_639: 156.2142, -159.6059, -66.01768
20130226_152925_680: 152.08873, -161.22733, -65.60554
20130226_152925_716: 155.2806, -161.96204, -65.84734
20130226_152925_739: 159.97925, -160.79443, -64.33719
20130226_152925_764: 163.42027, -160.32602, -63.485367
20130226_152926_125: 162.5768, -161.71336, -62.98425
20130226_152926_145: 163.34824, -162.39848, -62.91324
20130226_152926_260: 161.76904, -163.56178, -62.085052
20130226_152926_415: 166.21088, -163.41068, -63.177807
20130226_152926_565: 166.49466, -164.6833, -63.74198
20130226_152926_717: 161.97388, -168.0242, -65.3009
20130226_152926_915: -44.02589, -169.95639, -67.85757
20130226_152927_118: -45.685146, -171.36139, -70.20779
20130226_152927_696: -44.232944, -173.68922, -67.2267
20130226_152927_702: -46.99833, -174.70505, -70.67975
20130226_152927_714: -48.919373, -176.95111, -71.04953
20130226_152927_861: -53.321667, -179.12636, -71.74152
20130226_152928_061: -57.572952, -179.81662, -78.28743
20130226_152928_286: -59.38392, -179.34671, -80.59024
20130226_152928_415: -59.68116, -178.91809, -79.5109
20130226_152928_615: -59.946762, 179.5465, -77.31319
20130226_152928_810: -60.354397, 179.9458, -80.560036
20130226_152928_965: -60.51356, 179.243, -80.48503
20130226_152929_116: -60.183544, 178.18275, -78.91903
20130226_152929_265: -59.147423, 179.67287, -77.29616
20130226_152929_842: -58.559517, 178.82306, -73.65831
20130226_152929_848: -58.053204, -179.30487, -73.90012
20130226_152929_857: -57.468822, -179.00464, -74.05903
20130226_152929_961: -58.73905, -179.53532, -74.39917
20130226_152930_164: -59.467464, -178.64406, -75.61957
20130226_152930_631: -60.178703, -179.55188, -77.89732
20130226_152930_651: -59.773262, -177.83966, -79.199875
20130226_152930_760: -59.90807, -178.38777, -78.94513
20130226_152930_910: -59.884003, -178.08351, -79.63613
20130226_152931_065: -59.880234, -179.1239, -78.69986
20130226_152931_260: -60.183784, -179.13194, -79.99865
20130226_152931_902: -60.2454, -179.3675, -83.966675
20130226_152931_908: -59.614384, -179.44464, -83.08268
20130226_152931_915: -60.822365, 179.41594, -83.281654
20130226_152932_011: -61.38712, -179.26071, -82.18385
20130226_152932_211: -61.728767, -179.78708, -82.72653
20130226_152932_411: -60.626595, -179.34741, -81.80144
20130226_152932_706: -59.686306, -178.51395, -83.02642
20130226_152932_816: -59.15262, -177.1345, -83.6227
20130226_152932_965: -58.8023, -177.44066, -84.006714
20130226_152933_158: -59.265762, -177.91525, -87.033325
20130226_152933_310: -58.665028, -176.81981, -86.76655
20130226_152933_464: -58.930763, -2.4493823, -87.321236
20130226_152933_664: -59.718426, 178.52486, -88.08427
20130226_152933_861: -59.547886, -179.4761, -87.75784
20130226_152934_279: -59.5574, 179.86206, -86.35945
20130226_152934_289: -59.666008, 179.93213, -88.40632
20130226_152934_410: -59.150387, 179.79817, -89.541176
20130226_152934_610: -59.59825, -0.79746735, -86.16759
20130226_152934_832: -59.359383, -0.6034601, -83.67575
20130226_152934_964: -58.912643, 1.9675746, -87.439835
20130226_152935_121: -58.618176, 0.9576832, -85.072914
20130226_152935_691: -59.016125, 2.511481, -85.49779
20130226_152935_707: -59.239506, 2.1857214, -86.034355
20130226_152935_717: -58.952866, 2.2985075, -87.00532
20130226_152935_861: -57.976715, 177.4135, -85.97968
20130226_152936_432: -56.890476, 177.841, -85.43495
20130226_152936_445: -55.97089, 178.0078, -85.04383
20130226_152936_455: -54.660637, 178.34952, -85.35475
20130226_152936_560: -53.206123, 179.75966, -81.922714
20130226_152936_710: -51.739243, -178.42328, -80.44317
20130226_152936_910: -48.884186, -178.17487, -78.087906
20130226_152937_060: -45.880417, -177.50404, -76.062126
20130226_152937_296: -42.81127, -176.35472, -74.4018
20130226_152937_410: -40.692177, -174.99892, -73.70323
20130226_152937_565: -38.8833, -173.93204, -73.05587
20130226_152937_769: -36.76457, -173.71259, -72.07574
20130226_152937_957: -35.084843, -172.64388, -71.700485
20130226_152938_126: -36.531433, -172.3122, -73.00862
20130226_152938_312: -35.18881, -172.49889, -71.873116
20130226_152938_461: -31.250336, -171.52153, -69.59519
20130226_152938_927: -30.648178, -171.08702, -71.40811
20130226_152938_934: -29.439077, -170.70833, -71.10593
20130226_152939_010: -30.884054, -171.54758, -72.812065
20130226_152939_207: -35.368813, -173.78047, -78.00566
20130226_152939_553: -36.05691, -174.458, -78.71611
20130226_152939_588: -35.611473, -174.44023, -78.77491
20130226_152939_710: -39.092, -175.59254, -80.942726
20130226_152939_865: -37.7566, -175.13878, -78.3489
20130226_152940_015: -36.374977, -174.83928, -77.595726
20130226_152940_208: -35.2772, -174.06744, -76.50266
20130226_152940_831: -34.74764, -173.83357, -75.234566
20130226_152940_851: -29.868513, -172.19139, -67.35575
20130226_152941_346: -31.284496, -171.4552, -70.741714
20130226_152941_354: -31.675533, -172.7589, -73.50906
20130226_152941_361: -28.942657, -174.46306, -74.32701
20130226_152941_369: -26.381517, -174.15813, -74.62923
20130226_152941_460: -20.898792, -173.17139, -66.4923
20130226_152941_611: -18.197113, -173.83044, -61.521603
20130226_152941_811: -29.238832, -173.40276, -74.11537
20130226_152941_961: -34.767555, -174.39972, -78.77151
20130226_152942_126: -37.524834, -175.83748, -80.42801
20130226_152942_315: -39.36762, -176.35516, -81.984695
20130226_152942_515: -38.27755, -176.63416, -80.48542
20130226_152942_710: -38.878815, -176.78592, -82.104546
20130226_152942_864: -40.01141, -177.81317, -82.72099
20130226_152943_065: -40.72937, -178.01265, -82.28065
20130226_152943_735: -38.114708, -177.74402, -80.320656
20130226_152943_745: -38.22277, -177.11838, -79.518684
20130226_152943_757: -37.567455, -177.4454, -79.34312
20130226_152943_805: -35.842026, -176.41324, -78.02549
20130226_152944_005: -34.49237, -175.04732, -76.66457
20130226_152944_378: -31.689789, -172.64285, -73.576775
20130226_152944_403: -33.14331, -173.02603, -77.0761
20130226_152944_515: -33.658348, -173.88254, -78.724
20130226_152944_665: -33.27017, -174.24628, -79.40763
20130226_152944_865: -33.188137, -173.42923, -80.22313
20130226_152945_065: -32.253708, -173.56618, -79.474625
20130226_152945_260: -28.560894, -173.13503, -76.71312
20130226_152945_759: -28.369633, -172.39616, -77.35071
20130226_152946_170: -26.673096, -171.79308, -76.29107
20130226_152946_176: -26.789906, -171.62033, -75.98612
20130226_152946_182: -25.9114, -171.48679, -75.66973
20130226_152946_191: -26.736475, -171.67268, -75.73513
20130226_152946_263: -27.366138, -172.02477, -76.29079
20130226_152946_466: -27.533808, -171.06436, -77.17069
20130226_152946_663: -25.974367, -171.94263, -77.95754
20130226_152946_867: -24.146975, -172.6553, -77.23569
20130226_152947_021: -25.355497, -173.2743, -79.37657
20130226_152947_210: -24.775633, -173.02542, -79.29633
20130226_152947_414: -23.640493, -173.00322, -79.53587
20130226_152947_615: -23.698034, -173.33182, -79.87518
20130226_152947_815: -23.556458, -174.34439, -80.49991
20130226_152948_361: -23.158539, -174.57571, -79.82288
20130226_152948_367: -23.69427, -175.1405, -80.0013
20130226_152948_375: -23.953861, -176.26747, -80.4282
20130226_152948_511: -25.171106, -175.85255, -79.899734
20130226_152948_661: -25.85203, -176.00525, -80.97834
20130226_152948_973: -21.443993, -179.56253, -81.422295
20130226_152949_069: -21.64154, -179.16475, -79.8132
20130226_152949_265: -20.94815, -177.15056, -81.30314
20130226_152949_415: -25.246262, -174.81047, -80.84517
20130226_152949_616: -31.547548, -173.57281, -79.31471
20130226_152949_815: -32.885914, -173.87445, -77.61917
20130226_152950_008: -34.574146, -174.56734, -78.893585
20130226_152950_670: -35.547867, -172.67944, -79.507965
20130226_152950_691: -36.823322, -171.58432, -79.474785
20130226_152950_709: -39.117657, -170.98857, -80.86156
20130226_152950_728: -42.688534, -172.53296, -82.51056
20130226_152950_864: -45.10676, -171.75087, -81.68797
20130226_152951_065: -40.954, -174.00372, -81.54953
20130226_152951_311: -42.607227, -175.44632, -85.41216
20130226_152951_415: -42.364227, -175.31985, -85.310814
20130226_152951_615: -42.600136, -175.30118, -85.01549
20130226_152951_814: -41.949955, -174.90594, -84.21975
20130226_152952_014: -40.92822, -175.81142, -84.65172
20130226_152952_210: -37.688454, -175.94058, -84.13991
20130226_152952_408: -34.50657, -173.67395, -82.26695
20130226_152952_871: -34.33636, -172.37599, -80.43248
20130226_152952_879: -34.82379, -173.17064, -81.491295
20130226_152952_958: -39.327328, -172.27026, -81.11085
20130226_152953_112: -44.759174, -172.61107, -81.8961
20130226_152953_450: -44.96466, -174.2403, -82.43211
20130226_152953_507: -46.24875, -176.40134, -83.58016
20130226_152953_692: -47.790447, -178.33328, -83.40364
20130226_152953_865: -51.27546, -176.00645, -84.754555
20130226_152954_108: -51.60228, -178.06125, -86.705345
20130226_152954_265: -50.928364, -178.04973, -86.40836
20130226_152954_459: -51.633068, 179.91504, -86.33055
20130226_152955_001: -50.302586, 177.6324, -83.85474
20130226_152955_009: -52.008747, 177.69595, -83.82086
20130226_152955_016: -51.075565, 179.73026, -86.20717
20130226_152955_163: -48.506676, -2.4668925, -86.93831
20130226_152955_356: -46.280296, -6.1442833, -81.81046
20130226_152955_959: -46.128403, -6.2125425, -82.35222
20130226_152955_977: -45.18066, -6.919903, -81.69105
20130226_152955_998: -44.784367, -8.116241, -81.4484
20130226_152956_065: -46.895744, -8.290304, -81.60437
20130226_152956_264: -46.779083, -172.32333, -82.32329
20130226_152956_460: -44.84745, -7.8169637, -82.17233
20130226_152956_664: -44.17015, -7.0787745, -82.859245
20130226_152956_858: -42.454243, -4.8198457, -84.9022
20130226_152957_008: -41.32229, -5.9750185, -82.91552
20130226_152957_473: -43.142822, -7.652722, -80.76764
20130226_152957_479: -45.468307, -7.2742133, -81.807816
20130226_152957_560: -45.856873, -5.6471176, -82.56312
20130226_152957_711: -46.87661, -7.064574, -81.12539
20130226_152958_087: -44.742256, -6.1734924, -81.69007
20130226_152958_113: -43.121674, -5.673258, -83.32473
20130226_152958_260: -43.921875, -4.954689, -84.847534
20130226_152958_415: -44.020462, -4.020007, -85.9791
20130226_152958_608: -42.293964, -4.4652915, -85.53345
20130226_152958_786: -40.534653, -173.04396, -83.034454
20130226_152958_967: -41.431293, -8.370311, -81.381714
20130226_152959_158: -46.147663, -9.29144, -78.69655
20130226_152959_659: -46.301056, -9.563828, -79.18633
20130226_152959_666: -46.48382, -9.288267, -80.13664
20130226_152959_672: -47.13083, -7.465474, -81.798164
20130226_152959_860: -49.92092, -8.278312, -81.10436
20130226_153000_012: -53.266365, -6.9373403, -81.650345
20130226_153000_353: -55.990364, -5.4029455, -81.07651
20130226_153000_371: -58.573433, -4.689096, -81.984344
20130226_153001_041: -58.834904, -3.3297353, -83.94256
20130226_153001_057: -57.719494, -3.3958147, -83.522156
20130226_153001_067: -57.860844, -3.945047, -83.51748
20130226_153001_109: -56.488113, -2.7653685, -83.55002
20130226_153001_260: -56.04198, -3.6851463, -82.60508
20130226_153001_512: -55.252716, -4.3905497, -81.446144
20130226_153001_901: -55.944675, -4.3464193, -81.6319
20130226_153001_913: -55.805565, -5.2330847, -78.92099
20130226_153002_011: -53.33971, -5.533084, -80.4872
20130226_153002_163: -50.712715, -5.0759573, -83.5945
20130226_153002_362: -46.198986, -4.814547, -83.9522
20130226_153002_513: -42.27394, -5.027034, -83.97595
20130226_153002_662: -37.46276, -4.474196, -85.49062
20130226_153003_003: -31.499548, -173.0262, -82.26192
20130226_153003_038: -28.766619, -172.299, -81.05774
20130226_153003_210: -26.179575, -171.81548, -81.12745
20130226_153003_365: -23.476414, -172.02426, -81.31555
20130226_153003_561: -20.129988, -172.00978, -80.9519
20130226_153003_770: -18.371502, -172.85172, -81.6903
20130226_153003_965: -16.004257, -173.73691, -82.1131
20130226_153004_506: -15.34595, -175.07944, -83.15407
20130226_153004_511: -16.128653, -174.78642, -82.588715
20130226_153004_520: -15.205787, -174.48746, -82.35688
20130226_153004_661: -14.287506, -173.52512, -81.50344
20130226_153004_861: -14.475624, -174.09032, -82.891716
20130226_153005_135: -15.227912, -175.39531, -84.13283
20130226_153005_260: -15.810093, -176.47334, -82.4618
20130226_153005_415: -15.241275, -175.475, -81.44155
20130226_153005_940: -14.815378, -175.38193, -81.98344
20130226_153005_956: -14.3890505, -174.07678, -80.87914
20130226_153006_011: -14.798496, -173.35484, -80.28085
20130226_153006_213: -15.0898, -172.92412, -79.85438
20130226_153006_668: -17.223227, -172.86751, -79.97362
20130226_153006_675: -17.844543, -175.37112, -81.44766
20130226_153006_810: -17.46764, -176.53798, -81.88034
20130226_153007_010: -16.156115, -176.80467, -82.32723
20130226_153007_163: -15.001495, -177.54416, -83.31227
20130226_153007_363: -14.788884, -177.47165, -82.879776
20130226_153007_652: -14.519463, -177.37306, -82.59879
20130226_153007_707: -15.51231, -177.23196, -82.59787
20130226_153007_865: -15.7106, -177.07127, -83.0181
20130226_153008_066: -17.4226, -175.73497, -83.45405
20130226_153008_260: -17.372662, -176.0996, -83.72533
20130226_153008_410: -17.281366, -176.63214, -83.96668
20130226_153008_565: -18.089905, -177.33688, -85.010445
20130226_153008_757: -18.253653, -177.96739, -85.37512
20130226_153009_284: -18.41436, -178.62267, -85.648445
20130226_153009_292: -19.611694, -177.72571, -85.8337
20130226_153009_302: -19.575409, -177.58702, -85.73795
20130226_153009_409: -21.003626, -177.1871, -85.67216
20130226_153009_561: -20.988094, -178.02502, -86.518074
20130226_153009_902: -20.773148, -177.76233, -86.626
20130226_153009_937: -20.94326, -177.79472, -85.75421
20130226_153010_065: -21.034817, -178.04134, -85.578926
20130226_153010_266: -20.822096, -178.78874, -86.65139
20130226_153010_470: -19.68718, -178.76836, -86.70487
20130226_153010_811: -19.08076, -178.4127, -86.43286
20130226_153010_830: -19.581768, -178.29713, -86.07381
20130226_153011_479: -18.3561, -178.16515, -84.36523
20130226_153011_485: -18.650614, -176.85786, -82.82061
20130226_153011_495: -20.693203, -176.39919, -82.94846
20130226_153011_507: -21.309229, -176.64572, -84.2069
20130226_153011_661: -21.565174, -176.27217, -83.86127
20130226_153011_861: -19.656076, -177.08366, -84.360756
20130226_153012_012: -16.5667, -177.95876, -85.071976
20130226_153012_297: -13.710308, -175.18593, -84.7941
20130226_153012_410: -14.589296, -171.89992, -81.418274
20130226_153012_566: -18.138666, -172.06668, -81.94823
20130226_153012_766: -16.662329, -173.89136, -83.43125
20130226_153012_965: -18.26402, -175.7651, -85.73783
20130226_153013_161: -17.111778, -176.55579, -86.33653
20130226_153013_357: -15.166614, -176.4533, -86.40249
20130226_153013_798: -15.909688, -176.47568, -86.20986
20130226_153013_808: -14.190936, -176.00897, -85.57687
20130226_153013_858: -14.1280155, -175.0903, -84.872894
20130226_153014_013: -16.345644, -174.19078, -83.8804
20130226_153014_412: -17.39335, -174.53058, -84.342865
20130226_153014_451: -16.616676, -176.03659, -85.62008
20130226_153014_565: -17.597488, -176.38113, -85.624016
20130226_153014_715: -17.76486, -177.18214, -86.153046
20130226_153014_916: -14.785142, -177.99391, -87.729164
20130226_153015_121: -12.753976, -176.8244, -86.81172
20130226_153015_318: -13.295459, -176.34244, -86.271194
20130226_153016_289: -14.090443, -177.02145, -86.69525
20130226_153016_297: -14.231596, -176.73912, -86.21385
20130226_153016_304: -15.302064, -175.91696, -85.34694
20130226_153016_310: -15.446949, -175.86139, -85.35133
20130226_153016_319: -15.560663, -176.7837, -85.94709
20130226_153016_407: -15.52451, -177.56229, -86.81599
20130226_153016_562: -16.208574, -176.90086, -86.74458
20130226_153016_895: -15.718557, -177.46411, -87.25968
20130226_153016_912: -15.252428, -177.34306, -87.04118
20130226_153017_066: -13.826857, -177.52303, -87.3402
20130226_153017_260: -11.638061, -177.15974, -86.980644
20130226_153017_421: -10.679615, -176.36507, -86.33847
20130226_153017_618: -9.751122, -176.02805, -85.62342
20130226_153017_810: -10.082803, -176.12813, -85.79255
20130226_153018_420: -10.126085, -176.09903, -85.29389
20130226_153018_426: -12.405338, -176.21376, -85.82373
20130226_153018_434: -13.505622, -176.42607, -86.30212
20130226_153018_513: -13.397487, -3.447204, -86.53825
20130226_153018_714: -17.142792, -4.2227387, -85.37498
20130226_153019_102: -16.03899, -5.7454705, -83.922554
20130226_153019_118: -16.11979, -4.864422, -84.86186
20130226_153019_267: -16.313848, -4.7837253, -85.026825
20130226_153019_415: -14.314147, -174.82407, -84.80317
20130226_153019_615: -12.053039, -174.34428, -84.25439
20130226_153019_815: -10.261648, -174.29904, -83.8775
20130226_153020_015: -8.888464, -173.67531, -82.74431
20130226_153020_208: -8.442038, -173.56851, -82.976166
20130226_153020_937: -8.894482, -174.18634, -83.05018
20130226_153020_973: -6.5513353, -174.65685, -82.66706
20130226_153021_001: -7.0684485, -173.42621, -82.094345
20130226_153021_026: -8.082446, -170.92924, -78.826675
20130226_153021_111: -7.4610844, -169.60504, -78.82649
20130226_153021_311: -4.474614, -169.49313, -79.187004
20130226_153021_583: -3.1466217, -171.11703, -80.895676
20130226_153021_710: -3.1830146, -173.27061, -83.05691
20130226_153021_866: -1.5632393, -174.26538, -83.78361
20130226_153022_065: -1.261543, -175.0664, -84.512
20130226_153022_267: -2.3795788, -175.82182, -85.115036
20130226_153022_414: -1.6904343, -175.64842, -84.81644
20130226_153022_565: -0.8801912, -175.27031, -84.75697
20130226_153023_141: -1.2692662, -174.04156, -83.67478
20130226_153023_153: -2.1550698, -174.3432, -83.68079
20130226_153023_162: -2.6014917, -174.26558, -83.98931
20130226_153023_256: -2.9843056, -174.45685, -83.67537
20130226_153023_411: -4.9737267, -174.76776, -83.97366
20130226_153023_787: -5.522178, -174.80707, -84.56061
20130226_153023_805: -4.592647, -174.64188, -84.63116
20130226_153023_965: -4.952934, -4.6222205, -85.37649
20130226_153024_158: -5.570029, -174.71126, -84.59446
20130226_153024_327: -5.1661906, -174.48749, -84.48179
20130226_153024_514: -5.867441, -5.572779, -84.390755
20130226_153024_714: -4.9856143, -175.61449, -85.614136
20130226_153025_337: -6.586469, -4.858478, -85.12898
20130226_153025_351: -8.335681, -4.0409193, -85.880356
20130226_153025_363: -9.013684, -4.547662, -85.45056
20130226_153025_410: -10.371673, -5.4988914, -84.490036
20130226_153025_928: -10.665506, -171.96115, -81.82054
20130226_153025_952: -11.65821, -171.46692, -81.39294
20130226_153025_972: -12.330024, -171.84209, -81.84197
20130226_153026_331: -10.28376, -171.78435, -81.78348
20130226_153026_344: -9.341457, -172.76974, -82.60786
20130226_153026_508: -11.7966, -7.1515493, -82.7774
20130226_153026_665: -11.224954, -7.6953044, -82.004196
20130226_153026_873: -13.587149, -8.095051, -79.22164
20130226_153027_015: -12.814495, -5.4230614, -83.53918
20130226_153027_211: -13.907884, -6.6025105, -81.75077
20130226_153027_407: -13.22229, -6.8582635, -80.95087
20130226_153027_852: -12.756574, -7.4328127, -80.85137
20130226_153027_858: -14.824682, -6.7523546, -81.07569
20130226_153027_907: -15.9418955, -5.458956, -83.00716
20130226_153028_062: -16.098982, -4.137446, -84.40228
20130226_153028_211: -16.6554, -4.1015368, -83.29411
20130226_153028_465: -16.48484, -6.040737, -80.79087
20130226_153028_557: -15.406387, -8.233647, -78.66968
20130226_153028_714: -15.4800825, -8.314372, -78.05625
20130226_153028_865: -16.791386, -7.8055606, -77.95734
20130226_153029_017: -15.861698, -8.727372, -77.56945
20130226_153029_210: -16.449686, -5.010677, -79.80049
20130226_153029_365: -15.813021, -6.1113124, -81.13279
20130226_153029_557: -15.562517, -3.600852, -81.45544
20130226_153030_009: -13.995645, -6.852254, -80.3803
20130226_153030_021: -15.4689045, -7.561188, -79.77112
20130226_153030_118: -17.87606, -5.967898, -79.563126
20130226_153030_260: -19.227186, -8.057355, -77.76704
20130226_153030_593: -18.637856, -6.597713, -78.33304
20130226_153030_617: -18.955307, -5.689521, -78.359535
20130226_153031_004: -18.459505, -5.827089, -81.170525
20130226_153031_033: -19.59342, -4.6627, -81.434784
20130226_153031_175: -20.263102, -4.4353557, -80.66437
20130226_153031_360: -18.374926, -5.897173, -78.02676
20130226_153031_565: -16.654497, -6.478079, -77.302086
20130226_153032_194: -15.949204, -8.255705, -76.688576
20130226_153032_202: -17.628931, -6.7203994, -77.38995
20130226_153032_209: -16.05995, -8.497552, -77.66326
20130226_153032_257: -18.81042, -6.262802, -78.56885
20130226_153032_463: -21.466293, -7.5703845, -77.914154
20130226_153032_611: -21.782179, -5.2901797, -77.58622
20130226_153032_762: -20.699512, -3.2059193, -75.99473
20130226_153033_046: -20.31463, -5.7724357, -75.5804
20130226_153033_160: -20.610502, -6.6979775, -76.47299
20130226_153033_315: -18.307846, -6.892149, -76.7799
20130226_153033_515: -20.612501, -5.5591197, -76.64866
20130226_153033_715: -20.152369, -5.8532043, -76.5841
20130226_153033_864: -20.272429, -6.6376233, -75.90046
20130226_153034_058: -19.67142, -6.565913, -76.22875
20130226_153034_694: -19.902496, -7.1195827, -75.484314
20130226_153034_706: -20.6006, -6.8120384, -75.48817
20130226_153034_717: -17.25146, -6.63605, -77.29031
20130226_153034_857: -16.330889, -8.504196, -78.98408
20130226_153035_248: -15.190926, -9.270479, -79.17438
20130226_153035_266: -11.8330345, -8.944576, -79.81201
20130226_153035_360: -10.72173, -7.182749, -80.70006
20130226_153035_514: -10.7356205, -8.034235, -80.47725
20130226_153036_005: -9.574599, -7.184693, -81.31891
20130226_153036_054: -8.061945, -7.979058, -81.063736
20130226_153036_067: -8.343759, -6.329719, -82.35696
20130226_153036_257: -8.374027, -6.7520933, -82.61628
20130226_153036_836: -5.4858303, -171.09387, -81.085785
20130226_153036_842: -3.655536, -171.29243, -81.15143
20130226_153036_852: -2.9234273, -172.34497, -82.28746
20130226_153036_962: -4.422641, -172.67175, -82.54752
20130226_153037_111: -5.1561494, -171.98608, -81.68705
20130226_153037_261: -3.5377688, -173.66791, -83.487885
20130226_153037_460: -3.7270925, -173.23193, -83.23129
20130226_153037_782: -1.7851701, -171.75266, -81.6686
20130226_153037_860: -0.19419102, -171.81897, -81.56896
20130226_153038_015: 0.46266344, -171.16736, -80.73126
20130226_153038_210: 0.68765503, -171.7527, -81.2096
20130226_153038_364: 1.007219, -173.24612, -82.731544
20130226_153038_560: 0.98131126, -174.30818, -83.97187
20130226_153038_714: -0.35201502, -174.32051, -84.201805
20130226_153038_907: -1.1580834, -173.59584, -83.47271
20130226_153039_340: -1.2390637, -173.67389, -83.60307
20130226_153039_353: -1.5893221, -173.72208, -83.69479
20130226_153039_460: -3.103676, -172.86525, -82.75224
20130226_153039_639: -3.6433015, -172.6782, -82.3771
20130226_153039_992: -2.0705724, -173.25075, -82.687904
20130226_153040_028: -0.21542482, -172.78459, -82.21663
20130226_153040_107: -1.4487916, -173.2927, -82.97691
20130226_153040_269: -1.5966566, -172.20753, -81.986786
20130226_153040_470: 0.12947223, -173.13002, -82.92254
20130226_153040_666: -0.40184006, -172.0391, -81.79553
20130226_153041_030: 0.13320084, -172.645, -82.29153
20130226_153041_064: 0.23086344, -173.53238, -83.13037
20130226_153041_617: -0.3992938, -173.05246, -82.42892
20130226_153041_627: -2.1492326, -172.60149, -81.972916
20130226_153041_640: -0.56853515, -171.85403, -81.37407
20130226_153041_708: 0.27972603, -171.34294, -80.82924
20130226_153041_907: -0.46667194, -170.28271, -79.70689
20130226_153042_108: -1.1086737, -171.7946, -81.19836
20130226_153042_352: -1.3906536, -172.44595, -82.06063
20130226_153042_461: -2.7272666, -173.1029, -82.65676
20130226_153042_614: -3.41463, -172.46991, -82.0344
20130226_153042_815: -0.5548516, -172.4143, -82.182014
20130226_153043_010: 0.71350694, -172.87221, -82.64685
20130226_153043_165: 1.0001916, -173.07259, -82.78469
20130226_153043_315: 0.10255184, -174.03778, -83.776726
20130226_153043_510: -0.62320197, -174.60176, -84.500755
20130226_153043_931: -1.2161227, -175.05807, -84.73811
20130226_153043_941: -2.2317746, -175.16702, -84.94299
20130226_153044_007: -2.2763476, -173.71184, -83.60593
20130226_153044_214: -1.424319, -171.37108, -80.999115
20130226_153044_596: -1.3411658, -170.71693, -80.13996
20130226_153044_626: -1.810258, -170.94095, -80.118965
20130226_153044_757: -2.7173884, -171.54051, -80.59163
20130226_153044_910: -3.026001, -172.49576, -81.8922
20130226_153045_060: -2.4817793, -173.20573, -82.62732
20130226_153045_210: -2.8220882, -172.3265, -81.953804
20130226_153045_415: -1.7898608, -173.20168, -83.0608
20130226_153045_616: -0.33674923, -173.37616, -83.19881
20130226_153046_369: -1.0818642, -173.66017, -83.48525
20130226_153046_379: -2.8349779, -173.08908, -82.87026
20130226_153046_386: -2.837022, -172.72546, -82.43478
20130226_153046_394: -4.0446076, -172.74786, -82.43641
20130226_153046_457: -5.57254, -172.58846, -82.33708
20130226_153046_611: -6.490627, -171.56844, -81.477684
20130226_153046_970: -5.0274787, -171.71326, -81.61733
20130226_153047_008: -3.899551, -171.26598, -81.07775
20130226_153047_206: -3.7862618, -172.09279, -81.697876
20130226_153047_358: -2.7262175, -172.32625, -82.040695
20130226_153047_559: -1.781945, -173.26666, -83.06389
20130226_153047_758: -2.4054043, -173.38596, -83.27174
20130226_153047_958: -0.7755242, -174.39795, -84.374695
20130226_153048_175: -0.57047385, -173.36308, -83.173645
20130226_153048_584: -1.3439921, -171.75172, -81.27454
20130226_153048_592: -0.67265236, -172.2786, -81.67979
20130226_153048_658: 0.61141133, -172.18617, -81.24615
20130226_153048_807: -0.086156175, -172.57932, -81.76574
20130226_153048_958: -1.1652626, -172.29002, -81.5609
20130226_153049_164: -0.81347936, -172.82944, -82.28409
20130226_153049_320: -0.7274784, -173.01103, -82.34081
20130226_153049_515: -1.9323092, -172.62674, -82.25282
20130226_153049_708: -2.9146135, -173.72673, -83.46834
20130226_153049_865: -2.1094704, -174.11896, -83.822266
20130226_153050_015: -1.5085603, -174.20801, -83.90667
20130226_153050_212: -0.5078784, -173.9299, -83.54345
20130226_153051_191: -0.35304117, -173.44008, -82.962036
20130226_153051_223: -0.57269275, -173.19565, -82.67828
20130226_153051_245: -0.36932394, -172.71661, -82.36422
20130226_153051_263: -2.1486585, -172.55089, -82.2181
20130226_153051_272: -3.236107, -172.63794, -82.13256
20130226_153051_285: -2.6824503, -172.85045, -82.6896
20130226_153051_410: -2.936564, -173.4619, -83.338196
20130226_153051_750: -3.5735404, -173.25398, -83.19474
20130226_153051_810: -2.4977415, -174.7249, -84.67276
20130226_153051_964: -2.1730995, -175.15427, -85.04007
20130226_153052_123: -2.198305, -174.2955, -84.12125
20130226_153052_308: -1.6429695, -174.638, -84.48253
20130226_153052_465: -0.8961698, -174.29256, -84.059166
20130226_153052_665: -1.3205624, -174.08829, -83.7507
20130226_153052_857: -0.39737096, -173.06677, -82.853226
20130226_153053_342: 0.4572555, -173.00363, -82.564156
20130226_153053_353: 0.5097947, -172.60905, -82.13864
20130226_153053_406: 0.26765937, -172.18605, -81.51428
20130226_153053_607: -0.030656625, -172.0754, -81.161125
20130226_153054_018: 0.96000534, -173.78021, -83.24314
20130226_153054_053: 0.5113112, -175.16481, -84.65927
20130226_153054_157: -0.73642844, -174.31213, -83.826355
20130226_153054_308: -1.2521024, -174.69756, -84.402374
20130226_153054_458: 0.28677034, -175.02399, -84.811295
20130226_153054_656: 0.90143514, -174.00189, -83.77843
20130226_153054_856: 0.6591736, -174.21625, -83.82243
20130226_153055_008: 1.4357239, -173.7819, -83.2887
20130226_153055_591: 1.4408779, -173.58691, -82.7543
20130226_153055_597: 0.3804737, -172.14671, -81.34547
20130226_153055_604: 1.7369297, -172.86304, -82.13134
20130226_153055_707: 2.695003, -172.55254, -81.63672
20130226_153055_856: 2.6097732, -171.5557, -80.542595
20130226_153056_188: 2.2108154, -171.82503, -80.70888
20130226_153056_215: 1.8792362, -172.5473, -81.00651
20130226_153056_408: 0.13254416, -173.29752, -81.692375
20130226_153056_564: -0.055279355, -173.00076, -81.71244
20130226_153056_721: 1.0270661, -172.52979, -81.74977
20130226_153056_915: 2.7440605, -174.2681, -83.601
20130226_153057_066: 2.1469617, -173.8746, -83.30226
20130226_153057_262: 1.4133124, -173.21962, -82.5667
20130226_153057_841: 1.9624963, -173.30249, -82.51358
20130226_153057_848: 2.273299, -173.39188, -82.2798
20130226_153057_855: 0.92255145, -173.23349, -82.13565
20130226_153057_964: 0.21549998, -173.30775, -82.54745
20130226_153058_389: -0.5172281, -174.83278, -84.469505
20130226_153058_409: -0.31376663, -174.8022, -84.473816
20130226_153058_565: -2.3134623, -175.5667, -85.21127
20130226_153058_764: -1.3779438, -175.12863, -84.97116
20130226_153058_915: -0.8414065, -174.19046, -84.01919
20130226_153059_115: 0.12150587, -174.39407, -83.92315
20130226_153059_315: 0.5640405, -174.09102, -83.736824
20130226_153059_507: 0.5569714, -174.84352, -84.723
20130226_153100_038: -0.49246028, -174.83725, -84.52633
20130226_153100_050: -2.5686917, -174.86179, -84.59734
20130226_153100_060: -1.8394605, -175.34752, -85.29589
20130226_153100_161: -1.8024181, -175.38034, -85.3426
20130226_153100_357: -3.4411907, -174.64917, -84.57068
20130226_153100_677: -2.9823291, -173.65636, -83.605446
20130226_153100_712: -2.491402, -4.9085135, -85.091354
20130226_153100_819: -3.1255288, -175.1862, -85.175064
20130226_153101_261: -3.253585, -174.85141, -84.76844
20130226_153101_269: -2.458558, -174.86302, -84.77609
20130226_153101_309: -0.3351057, -174.36911, -83.64951
20130226_153101_512: -0.663119, -173.99075, -83.13188
20130226_153101_709: -1.1154275, -174.11252, -83.329056
20130226_153102_300: -0.40107018, -175.00415, -84.4816
20130226_153102_307: -0.47118914, -173.97583, -83.35047
20130226_153102_315: -0.72997755, -173.92361, -83.43349
20130226_153102_462: -2.0810683, -172.71848, -81.8378
20130226_153102_610: -2.3813126, -173.2302, -82.74894
20130226_153102_810: -1.777149, -174.67683, -84.17186
20130226_153103_233: -1.9388901, -174.83025, -84.67005
20130226_153103_251: -1.7078208, -175.46518, -85.40074
20130226_153103_360: -1.7968782, -174.96455, -84.57655
20130226_153103_560: -1.7636839, -174.34697, -83.83348
20130226_153103_715: -0.6225555, -174.55618, -83.93196
20130226_153103_914: 1.081486, -174.68036, -83.96765
20130226_153104_116: 0.69302493, -176.3989, -85.57468
20130226_153104_309: 0.28401142, -174.8395, -84.36042
20130226_153104_915: 0.2842267, -174.22676, -83.7768
20130226_153104_921: 0.44709268, -173.76122, -83.0663
20130226_153104_929: -0.31156936, -175.12624, -84.595535
20130226_153105_061: -1.2620984, -175.1546, -84.93779
20130226_153105_262: -1.3265234, -175.61874, -85.418434
20130226_153105_519: -2.191174, -175.19514, -84.98669
20130226_153105_564: -2.205134, -175.22057, -85.0616
20130226_153105_715: -2.5063243, -176.07144, -85.93508
20130226_153106_278: -0.7295342, -175.76695, -85.69442
20130226_153106_297: -0.4749279, -174.62912, -84.411064
20130226_153106_321: 0.23610958, -175.12378, -84.379875
20130226_153106_510: 0.68971574, -175.2591, -84.160805
20130226_153106_658: -1.3047667, -174.74062, -84.269966
20130226_153107_139: -2.0722187, -173.76045, -83.157845
20130226_153107_152: -0.87649125, -175.03253, -84.38031
20130226_153107_261: -0.62689215, -173.54822, -82.97625
20130226_153107_462: -2.3903785, -173.13454, -82.09613
20130226_153107_661: -0.3340625, -174.72705, -84.08354
20130226_153108_104: 0.014594763, -175.61319, -84.84306
20130226_153108_127: -0.0255269, -175.08612, -84.53367
20130226_153108_208: -0.34350997, -175.84477, -85.40704
20130226_153108_364: -1.412483, -176.21315, -86.123055
20130226_153108_515: -1.0053409, -175.27945, -85.02793
20130226_153108_708: -1.078133, -175.50859, -85.31335
20130226_153108_868: -0.87624997, -176.17665, -86.071686
20130226_153109_064: -1.4243641, -177.00873, -86.86009
20130226_153109_258: -1.9436167, -175.85722, -85.78495
20130226_153109_766: -2.6382282, -174.95044, -84.90401
20130226_153109_773: -2.086671, -175.85797, -85.82254
20130226_153109_807: -1.2662513, -175.1179, -84.99314
20130226_153109_963: -2.9617355, -174.3583, -84.14605
20130226_153110_313: -3.0345783, -175.40234, -85.24251
20130226_153110_330: -3.472059, -175.87952, -85.86982
20130226_153110_417: -4.3579426, -175.90373, -85.87132
20130226_153110_567: -5.8587794, -175.34409, -85.23861
20130226_153110_767: -3.9258337, -175.52977, -85.4974
20130226_153111_315: -1.1150458, -175.34517, -85.12853
20130226_153111_339: -0.7541985, -174.32008, -83.916824
20130226_153111_365: -0.30908296, -174.75114, -83.891365
20130226_153111_900: -0.19483061, -174.83511, -84.18068
20130226_153111_907: -0.46275827, -174.59698, -83.28977
20130226_153111_914: -1.1852624, -173.68027, -82.77114
20130226_153112_061: 0.18918236, -174.9049, -84.19826
20130226_153112_210: 0.3099961, -175.21968, -84.681625
20130226_153112_410: -1.2561363, -175.54605, -85.24062
20130226_153112_787: -1.1627258, -176.13992, -85.84561
20130226_153112_808: -0.41430005, -176.5906, -86.26773
20130226_153112_965: -1.6406741, -176.5701, -85.97569
20130226_153113_116: -2.5359738, -176.40196, -86.04377
20130226_153113_316: -2.2005026, -176.40462, -86.31536
20130226_153113_515: -1.1839124, -176.09401, -86.0845
20130226_153113_665: -0.32795033, -175.97285, -85.6951
20130226_153113_857: 1.7647275, -176.7476, -85.73115
20130226_153114_341: 1.7584269, -176.23506, -85.041565
20130226_153114_350: 1.1142361, -176.29085, -83.84274
20130226_153114_359: 2.5274541, -174.85416, -82.25348
20130226_153114_510: 1.6169244, -175.45392, -82.24635
20130226_153114_660: 3.9268572, -175.33844, -81.62275
20130226_153114_964: 8.753559, -177.48752, -79.83218
20130226_153115_009: 9.916313, -177.26477, -78.04444
20130226_153115_208: 13.053309, -178.3303, -75.062294
20130226_153115_366: 15.285841, -178.91711, -73.19814
20130226_153115_512: 14.8643875, -178.69592, -72.09088
20130226_153115_716: 17.604136, -178.68123, -70.14939
20130226_153115_956: 20.094868, 179.59958, -70.181854
20130226_153116_763: 18.072142, -179.4123, -72.63071
20130226_153116_770: 16.392855, -178.5508, -73.41638
20130226_153116_777: 16.68473, -178.529, -75.58775
20130226_153116_783: 23.246073, -179.15356, -73.35721
20130226_153116_855: 26.482538, -178.13983, -70.54435
20130226_153117_006: 27.065443, -177.4418, -67.88895
20130226_153117_156: 25.818129, -179.58167, -67.001144
20130226_153117_552: 24.755575, 179.95038, -67.17076
20130226_153117_590: 24.88657, -179.68971, -67.519844
20130226_153117_707: 23.15448, -177.80672, -71.07825
20130226_153117_910: 15.543225, -174.89514, -76.92082
20130226_153118_107: 11.152949, -173.802, -76.60224
20130226_153118_264: 12.944791, -174.7502, -71.855354
20130226_153118_414: 11.628108, -176.02483, -71.16656
20130226_153118_612: 4.924596, -175.26181, -75.615204
20130226_153119_199: 2.853097, -175.09462, -73.24295
20130226_153119_209: 2.1146047, -176.19987, -72.6926
20130226_153119_219: 5.9324775, -178.80646, -71.410614
20130226_153119_360: 10.734759, -178.30647, -71.30568
20130226_153119_721: 14.659059, -177.82007, -71.79143
20130226_153119_752: 14.92997, -178.49265, -72.8927
20130226_153119_864: 15.88893, -177.79507, -70.01439
20130226_153120_015: 15.60011, -177.01413, -68.710175
20130226_153120_210: 18.039593, -176.44662, -68.940506
20130226_153120_409: 14.817731, -174.12971, -71.694084
20130226_153120_608: 17.066135, -174.25854, -68.3059
20130226_153120_806: 16.966759, -174.68832, -66.84914
20130226_153121_672: 16.976355, -175.47845, -65.19721
20130226_153121_679: 16.735672, -174.2845, -66.413155
20130226_153121_689: 13.993878, -173.84439, -66.30018
20130226_153121_696: 14.848062, -175.34525, -61.5816
20130226_153121_757: 11.354126, -175.22363, -64.74981
20130226_153121_910: 12.399214, -175.44936, -64.891716
20130226_153122_063: 7.854022, -172.92493, -72.31799
20130226_153122_290: -0.07321899, -174.54108, -79.17652
20130226_153122_465: -4.202819, -174.83443, -78.80316
20130226_153122_665: -6.9303355, -174.92546, -80.70881
20130226_153122_858: -7.51863, -175.12477, -81.11942
20130226_153123_010: -7.4261684, -175.96219, -79.69785
20130226_153123_165: -8.527683, -176.50838, -80.71815
20130226_153123_833: -2.5313873, -176.73291, -80.11925
20130226_153123_839: -0.24604943, -175.57907, -76.48485
20130226_153123_846: 2.517063, -175.87657, -75.76284
20130226_153123_956: 3.6941848, -175.85002, -75.91768
20130226_153124_106: 3.2113588, -175.43393, -77.13884
20130226_153124_410: 6.574151, -176.94116, -77.85116
20130226_153124_505: 9.535512, -178.5927, -77.72651
20130226_153124_658: 8.742185, -179.80722, -78.53697
20130226_153124_858: 7.0667133, 179.00504, -76.06062
20130226_153125_058: 0.9530463, -179.28801, -76.73867
20130226_153125_256: -3.331323, -179.31075, -78.97006
20130226_153125_461: -4.2945704, -178.40843, -79.896034
20130226_153126_356: -6.517985, -177.53346, -79.90969
20130226_153126_382: -7.131949, -175.98212, -79.82053
20130226_153126_401: -6.0982804, -176.69736, -82.60876
20130226_153126_421: -7.7232747, -175.96416, -82.38898
20130226_153126_434: -10.226545, -175.57492, -82.545616
20130226_153126_559: -10.701889, -178.12772, -84.666016
20130226_153126_714: -9.993574, -177.44304, -85.064384
20130226_153126_914: -8.028432, -178.05641, -82.01828
20130226_153127_115: -10.357507, -177.46762, -83.93421
20130226_153127_319: -9.356671, -179.54402, -85.26272
20130226_153127_510: -6.4366007, -177.66359, -83.7084
20130226_153127_665: -7.8860564, -178.4545, -85.372375
20130226_153127_814: -6.8061433, -178.86028, -83.7769
20130226_153128_008: -7.8662434, -178.64021, -83.3064
20130226_153128_433: -7.1172757, -177.61217, -80.55941
20130226_153128_439: -7.005156, -176.4592, -82.53329
20130226_153128_556: -5.230968, -177.34691, -82.78451
20130226_153128_710: -6.8121157, -177.8456, -82.08422
20130226_153129_053: -9.086098, 177.99423, -82.287926
20130226_153129_113: -9.252641, 177.22063, -82.00425
20130226_153129_315: -10.964367, 178.56027, -83.92549
20130226_153129_465: -10.776443, 178.88849, -82.4586
20130226_153129_618: -11.375717, 178.60994, -83.930885
20130226_153129_814: -10.59131, 176.16725, -83.392784
20130226_153130_014: -9.659431, 176.7829, -83.36563
20130226_153130_603: -11.492999, 176.44385, -83.4024
20130226_153130_611: -12.885635, 175.99652, -82.480736
20130226_153130_619: -14.410906, 175.26814, -82.591286
20130226_153130_711: -15.378028, 175.3568, -81.83524
20130226_153130_860: -17.016876, 176.12762, -83.42129
20130226_153131_297: -15.031879, 174.31296, -80.75489
20130226_153131_322: -16.3376, 176.31306, -81.65013
20130226_153131_461: -20.550049, 174.2046, -80.13402
20130226_153131_660: -21.026052, 175.91772, -80.694336
20130226_153131_819: -21.663797, 174.97716, -80.5231
20130226_153132_016: -21.674562, 173.9995, -79.30255
20130226_153132_210: -20.37646, 172.58748, -78.46559
20130226_153132_361: -19.547947, 172.21295, -77.25615
20130226_153132_962: -23.635933, 173.01245, -79.88972
20130226_153132_969: -24.53783, 172.58754, -78.49344
20130226_153132_976: -25.025948, 171.28564, -78.35496
20130226_153133_117: -25.580778, 172.4477, -78.506065
20130226_153133_514: -26.146975, 172.33601, -78.10483
20130226_153133_549: -25.236757, 172.46494, -77.53657
20130226_153133_657: -24.736538, 172.00653, -76.58574
20130226_153133_814: -24.653519, 172.88466, -76.602745
20130226_153134_014: -25.48212, 173.0935, -76.45008
20130226_153134_210: -26.311216, 173.80917, -78.61456
20130226_153134_360: -26.180805, 175.52777, -79.894936
20130226_153134_515: -25.74688, 175.07803, -77.92239
20130226_153135_240: -25.015852, 176.00377, -80.04406
20130226_153135_249: -24.29264, 175.16379, -76.55647
20130226_153135_255: -24.27251, 175.47385, -77.5143
20130226_153135_313: -27.700455, 175.76903, -80.21347
20130226_153135_509: -29.78644, 176.5041, -81.32142
20130226_153135_764: -30.00836, 177.13405, -81.89052
20130226_153135_914: -30.619936, 178.30016, -82.69272
20130226_153136_124: -27.94814, 175.99825, -78.553055
20130226_153136_308: -26.200024, 177.65239, -79.96357
20130226_153136_767: -26.219397, 177.70987, -77.601364
20130226_153136_789: -26.308903, 176.64449, -76.72462
20130226_153136_813: -27.33503, 176.6821, -77.6245
20130226_153137_559: -29.675905, 176.68921, -79.65668
20130226_153137_577: -31.081997, 177.73479, -80.0932
20130226_153137_595: -28.419222, 176.29686, -77.65533
20130226_153137_606: -29.3214, 177.40501, -82.82694
20130226_153137_711: -30.878733, 177.0052, -80.910034
20130226_153137_911: -27.915146, 176.59317, -75.93391
20130226_153138_111: -23.698004, 177.21849, -73.72741
20130226_153138_488: -22.350391, 177.06105, -73.867935
20130226_153138_522: -21.497906, 178.06514, -75.85437
20130226_153138_614: -23.722387, 178.6281, -80.85775
20130226_153138_765: -24.701895, 177.90575, -82.34896
20130226_153138_968: -23.935108, 177.00827, -77.88073
20130226_153139_164: -19.597649, 177.37437, -73.65981
20130226_153139_357: -20.21116, 178.16606, -76.674446
20130226_153139_509: -21.92174, 178.70161, -78.58832
20130226_153139_963: -22.391735, 179.97833, -78.91161
20130226_153139_969: -18.680185, 178.04648, -72.994385
20130226_153140_060: -17.937374, 179.18372, -77.06272
20130226_153140_211: -20.507236, 179.73338, -75.3278
20130226_153140_622: -21.595142, 179.49606, -76.93263
20130226_153140_640: -20.460314, 178.55045, -76.739525
20130226_153140_714: -22.482126, 178.6594, -79.81595
20130226_153140_864: -22.603529, 178.13036, -78.1422
20130226_153141_068: -21.498114, 177.98938, -79.19936
20130226_153141_260: -20.19311, 178.17432, -79.5063
20130226_153141_462: -20.738039, 177.87389, -79.1942
20130226_153141_610: -21.249329, 177.08806, -80.00201
20130226_153142_223: -22.109703, 178.08969, -79.98112
20130226_153142_231: -23.789139, 178.67235, -80.405846
20130226_153142_241: -23.101454, 178.72615, -79.24652
20130226_153142_310: -21.1828, 178.59703, -78.81653
20130226_153142_511: -23.198788, 179.04633, -82.40662
20130226_153142_885: -23.874487, 179.41612, -83.28577
20130226_153142_904: -25.289883, 177.0108, -82.95718
20130226_153143_065: -24.967497, 176.1452, -81.76584
20130226_153143_260: -25.679825, 176.03015, -82.784
20130226_153143_416: -25.14058, 176.9145, -83.90635
20130226_153143_615: -23.696276, 177.28316, -83.45466
20130226_153143_815: -22.573317, 176.93953, -82.5875
20130226_153144_007: -23.385542, 176.88313, -80.90658
20130226_153144_436: -24.24101, 176.8523, -80.53041
20130226_153144_446: -24.451727, 177.03683, -79.97686
20130226_153144_508: -24.214617, 176.32506, -80.29488
20130226_153144_714: -25.247803, 177.98257, -82.33321
20130226_153145_039: -23.452482, 176.52554, -82.61518
20130226_153145_107: -21.813595, 176.23253, -82.57047
20130226_153145_265: -21.351934, 176.91833, -81.72926
20130226_153145_460: -21.265053, 177.41565, -83.58193
20130226_153145_657: -20.062769, 176.88072, -83.62157
20130226_153145_815: -20.342892, 176.86061, -83.83481
20130226_153146_015: -19.515978, 178.4804, -84.491035
20130226_153146_829: -19.151085, 178.11548, -84.846954
20130226_153146_851: -21.104557, 179.80124, -84.706024
20130226_153146_879: -22.732668, 178.97069, -83.94524
20130226_153146_901: -25.169714, 179.16383, -84.471794
20130226_153146_910: -26.014214, 179.09917, -84.009964
20130226_153147_063: -27.07034, 178.04248, -84.11004
20130226_153147_210: -27.405617, 179.28891, -85.63501
20130226_153147_521: -27.08229, 177.69377, -86.242744
20130226_153147_551: -26.147165, 178.09798, -86.27371
20130226_153147_714: -27.098005, 178.25249, -85.60547
20130226_153147_915: -26.99677, 177.90097, -84.60087
20130226_153148_125: -26.302176, 177.89258, -84.72415
20130226_153148_314: -26.57189, 177.25156, -84.38498
20130226_153148_508: -26.622404, 177.71182, -84.81803
20130226_153149_016: -26.05419, 177.54158, -84.693535
20130226_153149_024: -26.963184, 178.32805, -84.414665
20130226_153149_111: -28.132008, 176.4101, -83.39073
20130226_153149_261: -29.079575, 176.56532, -83.65681
20130226_153149_464: -28.910147, 175.83179, -83.37025
20130226_153149_712: -29.414547, 175.37099, -83.32571
20130226_153149_815: -29.236511, 175.3366, -83.44971
20130226_153149_965: -28.698425, 173.51126, -81.60853
20130226_153150_116: -27.562078, 174.30212, -81.934456
20130226_153150_317: -27.207352, 174.62274, -81.86707
20130226_153150_515: -26.589941, 174.2775, -81.01065
20130226_153150_707: -25.25086, 174.79466, -80.83138
20130226_153151_263: -24.382008, 175.72368, -80.43498
20130226_153151_270: -23.684885, 176.30028, -80.96504
20130226_153151_278: -22.087175, 175.56024, -81.49243
20130226_153151_410: -24.263035, 177.34117, -81.96305
20130226_153151_774: -25.780458, 176.80745, -81.51368
20130226_153151_808: -25.754404, 176.08615, -81.83563
20130226_153152_111: -25.990444, 176.59198, -82.397194
20130226_153152_160: -27.786684, 176.4136, -81.935524
20130226_153152_315: -28.3083, 176.46077, -83.08893
20130226_153152_520: -27.863968, 176.36057, -84.13806
20130226_153152_673: -27.395525, 177.36327, -85.19638
20130226_153152_859: -28.160648, 176.50546, -83.98813
20130226_153153_014: -28.0462, 177.28314, -84.389
20130226_153153_162: -27.95523, 177.54095, -84.659294
20130226_153153_665: -28.400114, 179.42128, -84.46549
20130226_153153_673: -27.869356, -179.07695, -84.16994
20130226_153153_707: -26.101875, -178.89474, -84.48339
20130226_153153_860: -26.583733, -178.22833, -84.09838
20130226_153154_011: -26.601707, -178.66928, -83.54045
20130226_153154_279: -25.562172, 179.81174, -84.494965
20130226_153154_414: -25.386034, 179.4523, -84.171234
20130226_153154_615: -25.161846, -179.63524, -83.43226
20130226_153154_765: -24.380049, -179.23743, -84.57513
20130226_153154_915: -23.37914, -178.90347, -84.64325
20130226_153155_117: -22.719952, -177.8105, -84.97291
20130226_153155_309: -22.023895, -178.60843, -83.923515
20130226_153155_825: -22.55091, -179.4624, -83.77817
20130226_153155_831: -23.10309, -177.54684, -82.44308
20130226_153155_859: -21.943483, -177.22383, -82.024055
20130226_153156_062: -21.12841, -175.81035, -80.88701
20130226_153156_402: -19.285227, -176.95506, -82.00549
20130226_153156_457: -18.020275, -176.4097, -81.706085
20130226_153156_907: -18.324144, -177.58095, -81.84208
20130226_153156_917: -17.076963, -177.61382, -81.39086
20130226_153157_010: -15.219872, -176.40898, -81.750824
20130226_153157_210: -15.113652, -176.35683, -81.558815
20130226_153157_364: -13.449971, -175.0995, -79.75842
20130226_153157_956: -11.579586, -174.34482, -80.08455
20130226_153157_963: -12.78308, -173.47264, -79.98074
20130226_153157_971: -14.329366, -174.56453, -81.64829
20130226_153158_112: -13.651714, -174.05562, -81.55917
20130226_153158_310: -13.367824, -173.44725, -81.308174
20130226_153158_460: -12.489503, -172.78088, -80.79908
20130226_153158_660: -11.404123, -174.39348, -81.190834
20130226_153158_946: -10.587937, -174.39651, -80.95502
20130226_153159_010: -9.942828, -174.06111, -80.217674
20130226_153159_166: -9.627475, -174.50172, -80.44383
20130226_153159_364: -8.593154, -174.32478, -81.12738
20130226_153159_557: -9.24826, -175.21788, -82.72316
20130226_153159_714: -8.813023, -174.97824, -82.50709
20130226_153159_914: -7.577123, -176.11693, -82.94
20130226_153200_507: -7.999153, -174.9163, -82.77977
20130226_153200_515: -10.702994, -173.72876, -81.72172
20130226_153200_528: -11.764088, -176.1295, -83.92593
20130226_153200_612: -12.708838, -175.1045, -82.94719
20130226_153200_790: -13.1532545, -174.39241, -81.73977
20130226_153200_917: -12.243088, -174.37119, -82.38821
20130226_153201_177: -10.468898, -175.59837, -83.95267
20130226_153201_316: -9.118935, -176.95892, -84.69312
20130226_153201_517: -9.896893, -175.90138, -83.84029
20130226_153201_876: -9.84767, 179.26212, -85.733574
20130226_153201_909: -10.0348425, 178.3011, -84.21773
20130226_153202_114: -16.649412, 177.74625, -80.53635
20130226_153202_723: -18.69457, 179.25673, -82.50429
20130226_153202_730: -19.65047, -179.75229, -82.54156
20130226_153202_740: -12.599097, -179.9012, -85.99039
20130226_153202_810: -6.977709, -177.76323, -86.38487
20130226_153202_962: -0.9837158, -177.31541, -86.674515
20130226_153203_116: 6.7331157, -178.64546, -88.644745
20130226_153203_495: 14.728401, -179.07755, -89.02741
20130226_153203_511: 15.466871, -179.29736, -88.69422
20130226_153203_664: 20.144493, 0.42586192, -89.568825
20130226_153203_865: 20.083958, -179.74377, -88.068275
20130226_153204_058: 16.2284, -177.8777, -85.316376
20130226_153204_210: 12.129525, -173.86974, -80.02201
20130226_153204_364: 6.8075995, -171.6597, -77.51991
20130226_153204_557: -2.5917997, -173.13576, -78.537285
20130226_153204_984: -7.6789265, -173.3677, -79.19806
20130226_153204_994: -19.00761, -170.90747, -78.92615
20130226_153205_060: -26.297668, -170.80246, -79.30243
20130226_153205_211: -32.144924, -172.07426, -79.57907
