20130226_152815_472: -9.523185, -0.90030754, -2.1607401
20130226_152815_484: -9.514869, -0.87869656, -2.2058043
20130226_152815_508: -9.514639, -0.92308575, -2.1885931
20130226_152815_661: -9.521534, -0.79452366, -2.2089667
20130226_152815_820: -9.529661, -0.81565034, -2.1657875
20130226_152816_200: -9.531982, -0.8772052, -2.1312513
20130226_152816_223: -9.53512, -0.9089693, -2.1037245
20130226_152816_374: -9.511925, -0.9175965, -2.202666
20130226_152816_572: -9.510465, -0.9049498, -2.2141569
20130226_152816_722: -9.53135, -0.89460844, -2.1268396
20130226_152816_922: -9.548946, -0.87515205, -2.054786
20130226_152817_072: -9.538725, -0.8754928, -2.1015804
20130226_152817_260: -9.539832, -0.8421035, -2.1101835
20130226_152817_769: -9.549145, -0.7627806, -2.0981913
20130226_152817_775: -9.543856, -0.79978377, -2.1084523
20130226_152817_809: -9.553688, -0.7779402, -2.0717742
20130226_152817_966: -9.565397, -0.6952949, -2.0469842
20130226_152818_121: -9.572567, -0.7177739, -2.0052824
20130226_152818_347: -9.578578, -0.7433657, -1.9668887
20130226_152818_475: -9.559604, -0.81021017, -2.031727
20130226_152818_624: -9.554283, -0.83578944, -2.046348
20130226_152818_771: -9.562703, -0.81740916, -2.0141816
20130226_152818_917: -9.571597, -0.7912872, -1.9821149
20130226_152819_130: -9.576737, -0.78235567, -1.9607155
20130226_152819_358: -9.57749, -0.7660595, -1.9634739
20130226_152820_000: -9.569812, -0.7620693, -2.0020912
20130226_152820_007: -9.566149, -0.7593147, -2.0205555
20130226_152820_012: -9.576162, -0.7556135, -1.9739676
20130226_152820_061: -9.586312, -0.69992083, -1.94503
20130226_152820_633: -9.589817, -0.6521642, -1.9443516
20130226_152820_655: -9.587527, -0.6811393, -1.9457062
20130226_152820_677: -9.6094675, -0.52658236, -1.8844676
20130226_152820_815: -9.650406, -0.421409, -1.69188
20130226_152821_074: -9.647822, -0.40780836, -1.7098504
20130226_152821_162: -9.64303, -0.44550505, -1.7273998
20130226_152821_360: -9.645621, -0.48073184, -1.7033173
20130226_152821_524: -9.654773, -0.39115474, -1.6741462
20130226_152821_676: -9.66425, -0.2641402, -1.6440581
20130226_152821_822: -9.668496, -0.65565526, -1.5035548
20130226_152822_011: -9.69105, -0.5173352, -1.4093729
20130226_152822_163: -9.666155, -0.5424749, -1.5625533
20130226_152822_666: -9.651225, -0.5276944, -1.6570468
20130226_152822_673: -9.655359, -0.5038716, -1.640284
20130226_152822_682: -9.652913, -0.63020694, -1.610748
20130226_152822_818: -9.6610155, -0.4985104, -1.6083018
20130226_152822_966: -9.677239, -0.43975395, -1.5258044
20130226_152823_318: -9.678943, -0.5200316, -1.4893156
20130226_152823_353: -9.669792, -0.54827976, -1.5378149
20130226_152823_476: -9.663579, -0.53352034, -1.5814596
20130226_152823_622: -9.657792, -0.5713552, -1.6034272
20130226_152823_819: -9.665965, -0.57733315, -1.5511923
20130226_152823_974: -9.662304, -0.5556991, -1.5815967
20130226_152824_166: -9.665425, -0.52054363, -1.5744749
20130226_152824_324: -9.673015, -0.49690002, -1.5350164
20130226_152824_860: -9.6686, -0.49523443, -1.5631089
20130226_152824_868: -9.67231, -0.42200494, -1.5616499
20130226_152824_875: -9.663974, -0.49553457, -1.5913694
20130226_152825_014: -9.673393, -0.46555942, -1.542439
20130226_152825_517: -9.684109, -0.40666416, -1.4909953
20130226_152825_736: -9.670763, -0.4436232, -1.5652304
20130226_152825_758: -9.681976, -0.4522665, -1.491701
20130226_152825_813: -9.680102, -0.42956486, -1.5104531
20130226_152826_009: -9.676587, -0.49560237, -1.5127672
20130226_152826_161: -9.662742, -0.5310709, -1.5873853
20130226_152826_364: -9.672217, -0.4480597, -1.554934
20130226_152826_514: -9.688496, -0.43028206, -1.4554461
20130226_152826_671: -9.695449, -0.3762915, -1.4237574
20130226_152827_324: -9.702899, -0.35927552, -1.3766263
20130226_152827_331: -9.695359, -0.37741643, -1.4240587
20130226_152827_341: -9.69817, -0.3995771, -1.3986615
20130226_152827_408: -9.685972, -0.3792612, -1.4861125
20130226_152827_566: -9.688966, -0.34533262, -1.474823
20130226_152827_965: -9.698486, -0.43013358, -1.3873513
20130226_152827_999: -9.67331, -0.46316552, -1.5436703
20130226_152828_160: -9.688611, -0.48640463, -1.4368805
20130226_152828_314: -9.674847, -0.5088357, -1.5194869
20130226_152828_466: -9.717596, -0.43501523, -1.2447902
20130226_152828_667: -9.696312, -0.55473, -1.358002
20130226_152828_818: -9.7124815, -0.46690032, -1.2728479
20130226_152828_974: -9.666466, -0.5483058, -1.5585982
20130226_152829_510: -9.723938, -0.4511872, -1.1882164
20130226_152829_518: -9.711912, -0.34946343, -1.3141689
20130226_152829_525: -9.640148, -0.5052484, -1.7270325
20130226_152829_666: -9.648865, -0.50848436, -1.6766835
20130226_152829_864: -9.717154, -0.42452306, -1.2518346
20130226_152830_082: -9.737408, -0.35970134, -1.1063155
20130226_152830_509: -9.669264, -0.5249936, -1.5492358
20130226_152830_527: -9.643726, -0.4924486, -1.7106819
20130226_152830_563: -9.696536, -0.39325434, -1.411718
20130226_152830_764: -9.686111, -0.50395083, -1.4476475
20130226_152830_971: -9.692896, -0.43892655, -1.4232016
20130226_152831_161: -9.697976, -0.2940034, -1.4258976
20130226_152831_616: -9.698756, -0.27940148, -1.423544
20130226_152831_623: -9.728387, -0.18826982, -1.2220573
20130226_152831_713: -9.717288, -0.38835576, -1.2624825
20130226_152831_867: -9.692528, -0.4999945, -1.4054458
20130226_152832_065: -9.6992, -0.6339146, -1.3015678
20130226_152832_215: -9.710753, -0.62263477, -1.2181927
20130226_152832_600: -9.742138, -0.44907326, -1.0292922
20130226_152832_611: -9.745818, -0.40748015, -1.0116329
20130226_152832_773: -9.685157, -0.51490855, -1.4501649
20130226_152832_975: -9.630217, -0.5306936, -1.7741736
20130226_152833_136: -9.627196, -0.58977234, -1.7719018
20130226_152833_323: -9.649585, -0.6020146, -1.6411943
20130226_152833_525: -9.678649, -0.57454705, -1.471075
20130226_152833_709: -9.708308, -0.5722008, -1.2616414
20130226_152833_908: -9.724025, -0.45154813, -1.1873717
20130226_152834_109: -9.730989, -0.3829279, -1.1539562
20130226_152834_753: -9.714342, -0.368302, -1.2908477
20130226_152834_771: -9.678547, -0.39665452, -1.5293097
20130226_152834_791: -9.642687, -0.5125249, -1.7106498
20130226_152834_803: -9.614861, -0.4492565, -1.8769735
20130226_152834_972: -9.6013155, -0.5993968, -1.9041696
20130226_152835_166: -9.6067705, -0.6190376, -1.8700609
20130226_152835_612: -9.596941, -0.64620036, -1.9108953
20130226_152835_633: -9.599415, -0.6043351, -1.9121746
20130226_152835_710: -9.642747, -0.3967156, -1.740822
20130226_152835_947: -9.689397, -0.17905134, -1.5012997
20130226_152836_360: -9.716902, -0.17768385, -1.3117359
20130226_152836_371: -9.6944475, -0.43335927, -1.4143057
20130226_152836_465: -9.632574, -0.60031366, -1.7388232
20130226_152836_615: -9.698708, -0.28292087, -1.4231702
20130226_152836_815: -9.665846, -0.6403037, -1.5270365
20130226_152837_228: -9.618127, -0.6371777, -1.804458
20130226_152837_246: -9.68154, -0.41430095, -1.5055037
20130226_152837_373: -9.6655245, -0.5794178, -1.5531547
20130226_152837_573: -9.643978, -0.4803379, -1.7127006
20130226_152837_780: -9.654291, -0.469687, -1.6566417
20130226_152837_975: -9.616038, -0.5354323, -1.8481065
20130226_152838_129: -9.664812, -0.45873368, -1.5973014
20130226_152838_309: -9.679886, -0.42309508, -1.5136744
20130226_152838_868: -9.615006, -0.48380148, -1.867613
20130226_152838_875: -9.599014, -0.31383625, -1.9826329
20130226_152838_881: -9.61843, -0.41612348, -1.866291
20130226_152838_960: -9.58643, -0.32749856, -2.0404642
20130226_152839_116: -9.644014, -0.2441247, -1.7617555
20130226_152839_264: -9.60305, -0.48190352, -1.9286209
20130226_152839_496: -9.637497, -0.6130615, -1.706813
20130226_152839_671: -9.695633, -0.49928898, -1.3841193
20130226_152839_821: -9.6911955, -0.665427, -1.3447409
20130226_152840_026: -9.647461, -0.79516053, -1.5699066
20130226_152840_211: -9.689206, -0.724877, -1.3282541
20130226_152840_624: -9.66871, -0.7560893, -1.4542311
20130226_152840_640: -9.687134, -0.78118163, -1.3113304
20130226_152840_722: -9.6934, -0.7493088, -1.2833228
20130226_152841_195: -9.698469, -0.7296397, -1.2560625
20130226_152841_201: -9.711626, -0.65876085, -1.1919568
20130226_152841_211: -9.696069, -0.83213353, -1.2100302
20130226_152841_364: -9.69335, -0.7788287, -1.266015
20130226_152841_516: -9.7052355, -0.834011, -1.1328008
20130226_152841_716: -9.701026, -0.8038357, -1.1892676
20130226_152841_885: -9.70275, -0.7595815, -1.2041748
20130226_152842_073: -9.689089, -0.83800393, -1.2608274
20130226_152842_271: -9.68062, -0.7836352, -1.3571578
20130226_152842_425: -9.701744, -0.6570903, -1.270743
20130226_152842_630: -9.605497, -0.89732677, -1.7605747
20130226_152842_819: -9.61141, -0.9123034, -1.7201377
20130226_152843_451: -9.603226, -0.81451374, -1.8124627
20130226_152843_461: -9.549291, -0.9023151, -2.0413876
20130226_152843_467: -9.584779, -0.9248253, -1.8566424
20130226_152843_510: -9.573734, -0.9203221, -1.9149431
20130226_152843_664: -9.531745, -0.9962214, -2.0793672
20130226_152843_818: -9.537711, -1.0499405, -2.0248642
20130226_152844_175: -9.566792, -0.9650459, -1.9275882
20130226_152844_210: -9.501065, -1.2090111, -2.10676
20130226_152844_373: -9.446869, -1.3945225, -2.2321181
20130226_152844_523: -9.502467, -1.2479829, -2.0775132
20130226_152844_728: -9.542602, -1.2365093, -1.8921393
20130226_152844_924: -9.704551, -0.8328154, -1.1395292
20130226_152845_126: -9.640383, -1.0393705, -1.4673607
20130226_152846_027: -9.626484, -0.9825609, -1.5924103
20130226_152846_035: -9.722552, -0.45581865, -1.1977504
20130226_152846_042: -9.725196, -0.37519702, -1.20424
20130226_152846_050: -9.667326, -0.7904577, -1.4451214
20130226_152846_057: -9.606692, -1.0260677, -1.6819727
20130226_152846_174: -9.616036, -1.0163746, -1.6337869
20130226_152846_365: -9.587067, -1.2687553, -1.6275156
20130226_152846_625: -9.6276, -1.3529525, -1.2842396
20130226_152846_663: -9.685058, -1.2691005, -0.8714644
20130226_152846_822: -9.601041, -1.474424, -1.3477757
20130226_152847_022: -9.574883, -1.7129561, -1.2481197
20130226_152847_209: -9.657417, -1.401872, -0.9692477
20130226_152847_374: -9.698973, -1.3556863, -0.5123109
20130226_152847_525: -9.741757, -1.1224405, -0.0932273
20130226_152847_769: -9.734668, -1.1736677, 0.17077428
20130226_152848_198: -9.753421, -0.9935984, 0.23227234
20130226_152848_205: -9.760325, -0.48356912, 0.82012683
20130226_152848_215: -9.766272, -0.40920448, 0.7892214
20130226_152848_365: -9.7531805, -0.3749717, 0.95145226
20130226_152848_515: -9.766914, -0.48409373, 0.7371665
20130226_152848_848: -9.758229, -0.9668773, -0.1118216
20130226_152848_909: -9.700492, -1.2714686, -0.6739542
20130226_152849_072: -9.634743, -1.4731698, -1.082552
20130226_152849_272: -9.691551, -1.2896811, -0.76220894
20130226_152849_467: -9.763761, -0.9150904, -0.04472104
20130226_152849_622: -9.721757, -1.1738197, -0.52912074
20130226_152849_822: -9.749412, -1.0507331, -0.12372122
20130226_152850_562: -9.763024, -0.91265815, 0.14423765
20130226_152850_570: -9.75718, -0.9835797, 0.019965807
20130226_152850_575: -9.757897, -0.9683599, 0.12695743
20130226_152850_585: -9.750149, -1.0416347, 0.1412747
20130226_152850_660: -9.757515, -0.9735642, 0.11598858
20130226_152850_814: -9.75328, -1.0195988, 0.066157065
20130226_152851_225: -9.738215, -1.1552, -0.05550145
20130226_152851_246: -9.753111, -0.9995845, 0.2192131
20130226_152851_359: -9.731109, -1.1941152, -0.22371276
20130226_152851_513: -9.761368, -0.8407702, 0.42331392
20130226_152851_671: -9.765671, -0.78791153, 0.42575288
20130226_152851_873: -9.7578125, -0.95536333, 0.20689723
20130226_152852_073: -9.746036, -1.0831895, -0.10910547
20130226_152852_262: -9.704256, -1.2971624, -0.5614246
20130226_152852_910: -9.685806, -1.123921, -1.0451578
20130226_152852_918: -9.73232, -0.86673504, -0.8373339
20130226_152852_924: -9.708634, -0.87724847, -1.069219
20130226_152853_015: -9.623238, -0.978116, -1.614619
20130226_152853_209: -9.477, -1.1405324, -2.2485652
20130226_152853_414: -9.344519, -1.2734116, -2.6886432
20130226_152853_572: -9.241519, -1.3805037, -2.9763947
20130226_152853_722: -9.258466, -1.3576212, -2.9339547
20130226_152853_931: -9.245866, -1.682666, -2.8023133
20130226_152854_129: -9.474581, -1.6681726, -1.9026078
20130226_152854_325: -9.351836, -1.8229039, -2.321764
20130226_152854_509: -9.382747, -1.8725604, -2.151281
20130226_152855_072: -9.298273, -1.8755538, -2.4889443
20130226_152855_086: -9.436688, -1.6926509, -2.062577
20130226_152855_093: -9.4484415, -1.6928506, -2.0078952
20130226_152855_220: -9.424377, -1.7557274, -2.0661385
20130226_152855_365: -9.389751, -1.8054199, -2.1779358
20130226_152855_572: -9.354298, -1.8787335, -2.2666876
20130226_152855_722: -9.281509, -1.9161097, -2.5204172
20130226_152855_873: -9.313582, -1.8716158, -2.4340632
20130226_152856_074: -9.0504675, -2.0263767, -3.186416
20130226_152856_317: -9.167371, -1.8304904, -2.9629395
20130226_152856_472: -9.047445, -1.7875466, -3.334483
20130226_152856_659: -8.984589, -1.6678611, -3.5589035
20130226_152857_237: -8.857795, -1.7869608, -3.8100703
20130226_152857_243: -8.768319, -1.6461229, -4.071517
20130226_152857_255: -8.823343, -1.5325108, -3.9962976
20130226_152857_365: -8.912168, -1.563523, -3.7814097
20130226_152857_618: -8.7758875, -1.7359232, -4.0175595
20130226_152857_722: -8.9071245, -1.5056111, -3.8166327
20130226_152857_883: -8.779844, -1.6331183, -4.0518703
20130226_152858_022: -8.89723, -1.4471895, -3.8620415
20130226_152858_213: -9.002306, -1.3378713, -3.6522603
20130226_152858_371: -9.000741, -1.3130492, -3.6650984
20130226_152858_521: -8.945746, -1.1545489, -3.848513
20130226_152858_709: -8.938195, -1.0455875, -3.8968983
20130226_152859_216: -8.885221, -1.1556095, -3.9859524
20130226_152859_222: -8.991032, -1.1145535, -3.7535996
20130226_152859_260: -9.0768585, -0.9262264, -3.5948777
20130226_152859_414: -9.031283, -0.9777023, -3.6946442
20130226_152859_614: -9.0320215, -1.0372975, -3.676549
20130226_152859_865: -9.066051, -0.80448365, -3.6510189
20130226_152859_972: -9.204269, -0.6966782, -3.311565
20130226_152900_161: -9.247804, -0.7384173, -3.1785593
20130226_152900_322: -9.281916, -0.7301513, -3.079499
20130226_152900_522: -9.384956, -0.8173288, -2.724878
20130226_152900_680: -9.485673, -0.9812231, -2.2868369
20130226_152901_957: -9.584556, -1.040048, -1.7958215
20130226_152901_976: -9.574582, -1.1953399, -1.7518376
20130226_152902_388: -9.502752, -1.3735152, -1.9953787
20130226_152902_396: -9.484022, -1.5787088, -1.9316782
20130226_152902_402: -9.54614, -1.5016425, -1.6693465
20130226_152902_408: -9.626441, -1.3552171, -1.2905153
20130226_152902_417: -9.442936, -1.5436802, -2.149045
20130226_152902_424: -9.444926, -1.5917225, -2.1048012
20130226_152902_430: -9.390591, -1.4714823, -2.412868
20130226_152902_439: -9.529828, -1.4585438, -1.7959431
20130226_152902_458: -9.41605, -1.4926692, -2.297902
20130226_152902_617: -9.452508, -1.4389842, -2.1794097
20130226_152902_820: -9.39945, -1.4437171, -2.3950832
20130226_152903_017: -9.422243, -1.3150914, -2.3795488
20130226_152903_216: -9.439101, -1.1938423, -2.3766587
20130226_152903_373: -9.507281, -1.0090622, -2.1826124
20130226_152903_530: -9.462496, -0.8603315, -2.4272242
20130226_152903_713: -9.386821, -0.93799376, -2.6792123
20130226_152903_871: -9.323048, -0.79582024, -2.9356153
20130226_152904_021: -9.298299, -0.7225452, -3.031493
20130226_152904_210: -9.297885, -0.68960357, -3.0404248
20130226_152904_792: -9.410089, -0.6474036, -2.683559
20130226_152904_800: -9.452935, -0.6856895, -2.5183792
20130226_152904_809: -9.515789, -0.7386063, -2.252692
20130226_152904_964: -9.491855, -0.8225564, -2.323461
20130226_152905_118: -9.522512, -0.7279137, -2.2276275
20130226_152905_323: -9.644354, -0.7628974, -1.6046202
20130226_152905_473: -9.712737, -0.6343571, -1.1961282
20130226_152905_672: -9.763918, -0.38513798, -0.82944113
20130226_152905_828: -9.771764, -0.39764062, -0.7245192
20130226_152906_022: -9.784748, -0.05465718, -0.65279084
20130226_152906_214: -9.781519, -0.11281565, -0.69252604
20130226_152906_409: -9.730838, -0.35541505, -1.1639841
20130226_152906_923: -9.786203, -0.029062722, -0.6322814
20130226_152906_931: -9.750488, -0.21459202, -1.025844
20130226_152906_937: -9.788046, 0.13127661, -0.58933127
20130226_152907_066: -9.79862, 0.17628041, -0.35546932
20130226_152907_266: -9.804922, 0.17388941, -0.060264938
20130226_152907_427: -9.79428, 0.3022887, -0.38871935
20130226_152907_564: -9.794046, 0.41976798, -0.26618135
20130226_152907_721: -9.793755, 0.22263621, -0.45079324
20130226_152907_872: -9.796915, 0.18541297, -0.39555225
20130226_152908_072: -9.790231, 0.38635114, -0.41533196
20130226_152908_272: -9.775568, 0.3657751, -0.68912095
20130226_152908_423: -9.773816, 0.2333426, -0.767104
20130226_152908_988: -9.769845, 0.09716654, -0.8432505
20130226_152908_995: -9.721743, -0.021864627, -1.2874863
20130226_152909_001: -9.727407, -0.13646686, -1.236646
20130226_152909_109: -9.728873, -0.22255467, -1.2123913
20130226_152909_266: -9.728316, -0.22829817, -1.215793
20130226_152909_675: -9.709385, -0.45490095, -1.3005061
20130226_152909_706: -9.7339325, -0.4258549, -1.1133803
20130226_152909_864: -9.617269, -0.8658242, -1.7114002
20130226_152910_064: -9.730507, -0.7176471, -0.986199
20130226_152910_265: -9.751201, -0.68634593, -0.7832108
20130226_152910_463: -9.712796, -0.75808924, -1.1212885
20130226_152910_664: -9.79871, -0.32285133, -0.22688167
20130226_152910_865: -9.753534, -0.57549983, -0.84128827
20130226_152911_263: -9.795781, -0.3339543, -0.31866294
20130226_152911_275: -9.792529, -0.38985565, -0.35322666
20130226_152911_364: -9.777047, -0.4074065, -0.6432281
20130226_152911_514: -9.7825, -0.34217998, -0.59664905
20130226_152911_664: -9.795801, -0.24627924, -0.38988647
20130226_152911_954: -9.796815, -0.18632951, -0.39760786
20130226_152912_013: -9.790472, -0.25706193, -0.5009678
20130226_152912_168: -9.773944, -0.47956428, -0.64066076
20130226_152912_322: -9.7909355, -0.51786125, -0.19946262
20130226_152912_518: -9.798666, -0.37693188, -0.1203391
20130226_152912_722: -9.781806, -0.439623, -0.5416891
20130226_152912_922: -9.754033, -0.61668056, -0.80558413
20130226_152913_497: -9.75845, -0.48414925, -0.84181726
20130226_152913_507: -9.752442, -0.59541625, -0.84009236
20130226_152913_514: -9.752806, -0.5910393, -0.8389442
20130226_152913_616: -9.777452, -0.4950386, -0.5716147
20130226_152913_819: -9.759587, -0.49574414, -0.82164097
20130226_152914_160: -9.7497015, -0.5577809, -0.89589965
20130226_152914_173: -9.7829485, -0.39983636, -0.55177754
20130226_152914_322: -9.752113, -0.6273881, -0.8204035
20130226_152914_521: -9.732302, -0.85533, -0.8491953
20130226_152914_717: -9.741913, -0.8113249, -0.7793021
20130226_152915_674: -9.777101, -0.58657676, -0.4843811
20130226_152915_693: -9.785229, -0.630878, -0.14731435
20130226_152915_720: -9.778738, -0.7280919, -0.12864406
20130226_152916_165: -9.793267, -0.43731415, -0.26661813
20130226_152916_172: -9.784514, -0.49180913, -0.43795815
20130226_152916_180: -9.791093, -0.48112845, -0.2709376
20130226_152916_186: -9.796093, -0.37567338, -0.25657874
20130226_152916_196: -9.80203, -0.21527123, -0.21037689
20130226_152916_367: -9.802554, -0.1550158, -0.2372445
20130226_152916_567: -9.805106, -0.1649623, 0.055682287
20130226_152916_767: -9.80433, -0.13926409, 0.16161439
20130226_152917_137: -9.803395, 0.04860475, 0.24801067
20130226_152917_156: -9.793222, -0.042400636, 0.511235
20130226_152917_322: -9.79826, -0.053414196, 0.40200925
20130226_152917_474: -9.799616, -0.23633039, 0.28654286
20130226_152917_679: -9.80558, -0.14287879, 0.023809185
20130226_152917_872: -9.804123, -0.21032792, -0.073003136
20130226_152918_021: -9.780124, 0.46249214, 0.5528816
20130226_152918_200: -9.796147, 0.2774863, 0.35903308
20130226_152918_692: -9.781335, 0.5160551, 0.47915277
20130226_152918_703: -9.780191, 0.5680983, 0.44218817
20130226_152918_710: -9.767989, 0.598933, 0.63094753
20130226_152918_867: -9.7486725, 0.8036735, 0.69847727
20130226_152919_067: -9.783753, 0.48030603, 0.46675894
20130226_152919_308: -9.773531, 0.6032725, 0.5334469
20130226_152919_363: -9.7567005, 0.70842797, 0.6894314
20130226_152919_525: -9.764509, 0.73655635, 0.53125656
20130226_152919_722: -9.723727, 0.90702397, 0.8926585
20130226_152919_908: -9.700347, 1.161144, 0.85171604
20130226_152920_066: -9.686628, 1.2404028, 0.89500844
20130226_152920_222: -9.711917, 1.1554656, 0.7169229
20130226_152920_415: -9.736253, 1.0272228, 0.5662193
20130226_152920_951: -9.724608, 1.2206547, 0.335235
20130226_152920_958: -9.73961, 1.1198081, 0.23755497
20130226_152920_966: -9.755595, 0.9453902, 0.3239907
20130226_152921_119: -9.743981, 1.103126, 0.09114268
20130226_152921_510: -9.766314, 0.87778, -0.13798077
20130226_152921_544: -9.787928, 0.58616936, -0.1525866
20130226_152921_663: -9.7702, 0.788874, -0.30209714
20130226_152921_822: -9.787504, 0.5627575, -0.24182467
20130226_152922_021: -9.790479, 0.49611706, -0.26604077
20130226_152922_213: -9.789866, 0.40952393, -0.40148655
20130226_152922_375: -9.778884, 0.37362027, -0.6357846
20130226_152922_523: -9.769408, 0.30146483, -0.7988548
20130226_152923_132: -9.75065, 0.23631169, -1.0195023
20130226_152923_139: -9.713652, 0.22515345, -1.3284117
20130226_152923_149: -9.688792, 0.1291995, -1.5103017
20130226_152923_262: -9.659392, 0.35242286, -1.6559979
20130226_152923_458: -9.597239, 0.6743325, -1.8996546
20130226_152923_759: -9.610796, 0.4736831, -1.8917297
20130226_152923_799: -9.650087, 0.61710286, -1.6326073
20130226_152923_972: -9.612428, 0.7164172, -1.8050952
20130226_152924_167: -9.581075, 1.0873183, -1.7863772
20130226_152924_363: -9.508165, 1.7611698, -1.6320176
20130226_152924_521: -9.420371, 2.2032683, -1.6039268
20130226_152924_671: -9.399548, 2.1046011, -1.8410772
20130226_152924_863: -9.229655, 2.788964, -1.7903991
20130226_152925_648: -8.960052, 3.4173772, -2.051686
20130226_152925_694: -8.931149, 3.1559193, -2.5387347
20130226_152925_722: -8.948163, 3.0366015, -2.6229472
20130226_152925_744: -8.839305, 3.225979, -2.7622669
20130226_152925_769: -8.77519, 3.3015823, -2.8750608
20130226_152926_129: -8.736566, 3.0770419, -3.2209682
20130226_152926_149: -8.731038, 2.965483, -3.3384557
20130226_152926_264: -8.665584, 2.7750978, -3.6574435
20130226_152926_422: -8.751564, 2.7998943, -3.4265308
20130226_152926_572: -8.794712, 2.5904677, -3.4803655
20130226_152926_726: -8.909486, 2.034865, -3.5567915
20130226_152926_922: -9.083408, 1.710257, -3.2767558
20130226_152927_126: -9.227341, 1.4729736, -2.97606
20130226_152927_697: -9.042159, 1.0779592, -3.6397455
20130226_152927_709: -9.254378, 0.9049846, -3.1157415
20130226_152927_716: -9.275127, 0.5215975, -3.1417122
20130226_152927_865: -9.312912, 0.1495248, -3.0688245
20130226_152928_065: -9.602459, 0.031387947, -1.9905227
20130226_152928_290: -9.674696, 0.111814074, -1.599425
20130226_152928_430: -9.642777, 0.1851666, -1.7756572
20130226_152928_623: -9.567224, -0.07762071, -2.1523545
20130226_152928_813: -9.67385, -0.009276362, -1.6084018
20130226_152928_972: -9.671736, -0.12956338, -1.6159055
20130226_152929_123: -9.623821, -0.3109858, -1.858967
20130226_152929_274: -9.566583, -0.05599106, -2.1558692
20130226_152929_843: -9.410471, -0.20142917, -2.751886
20130226_152929_849: -9.422031, 0.11897359, -2.7169042
20130226_152929_858: -9.429537, 0.17035481, -2.6879725
20130226_152929_964: -9.445359, 0.079533555, -2.6361403
20130226_152930_169: -9.49939, 0.23205929, -2.4244907
20130226_152930_635: -9.588683, 0.07669921, -2.0546725
20130226_152930_653: -9.632945, 0.36967358, -1.8000361
20130226_152930_764: -9.624678, 0.27590865, -1.8600632
20130226_152930_915: -9.646655, 0.32796237, -1.7334538
20130226_152931_072: -9.61654, 0.14994682, -1.9157389
20130226_152931_265: -9.657626, 0.14856851, -1.6966423
20130226_152931_903: -9.75233, 0.10825726, -1.0250454
20130226_152931_909: -9.73527, 0.095053785, -1.1772517
20130226_152931_916: -9.739312, -0.09996523, -1.1429039
20130226_152932_015: -9.715542, 0.12653263, -1.3276374
20130226_152932_214: -9.727738, 0.03644377, -1.2410394
20130226_152932_416: -9.706426, 0.11169337, -1.3940017
20130226_152932_710: -9.734103, 0.25432256, -1.163162
20130226_152932_825: -9.745966, 0.49024874, -0.97271544
20130226_152932_971: -9.753048, 0.43790716, -0.9255656
20130226_152933_160: -9.793509, 0.35674393, -0.36101854
20130226_152933_314: -9.7910385, 0.54403764, -0.09992665
20130226_152933_471: -9.795935, 0.41910455, 0.18551001
20130226_152933_671: -9.801168, -0.25245646, -0.20914048
20130226_152933_863: -9.799143, 0.08966888, -0.3730404
20130226_152934_280: -9.786861, -0.023610009, -0.62224287
20130226_152934_290: -9.802857, -0.011617665, -0.27248862
20130226_152934_416: -9.806336, -0.034543782, -0.07052578
20130226_152934_615: -9.784721, 0.13648878, 0.64109224
20130226_152934_836: -9.746971, 0.10328531, 1.0753026
20130226_152934_966: -9.7968645, -0.33670068, 0.28021103
20130226_152935_128: -9.770412, -0.16390783, 0.82617056
20130226_152935_699: -9.776389, -0.42972326, 0.63869244
20130226_152935_709: -9.783169, -0.37401363, 0.5657596
20130226_152935_719: -9.793258, -0.39330316, 0.32832244
20130226_152935_866: -9.78252, -0.44255206, -0.52618253
20130226_152936_435: -9.775538, -0.3694418, -0.6875486
20130226_152936_446: -9.769985, -0.34091246, -0.775617
20130226_152936_457: -9.774438, -0.28245354, -0.7422779
20130226_152936_564: -9.709364, -0.041136604, -1.3773063
20130226_152936_715: -9.6705475, 0.2698346, -1.605641
20130226_152936_915: -9.5954685, 0.3123349, -1.9999557
20130226_152937_064: -9.517918, 0.42706865, -2.3231976
20130226_152937_299: -9.445482, 0.6234993, -2.5621316
20130226_152937_414: -9.41263, 0.85489076, -2.615712
20130226_152937_573: -9.380939, 1.0366423, -2.6634138
20130226_152937_776: -9.330676, 1.0739855, -2.8205361
20130226_152937_959: -9.310712, 1.2556071, -2.8114989
20130226_152938_135: -9.378578, 1.3118873, -2.547866
20130226_152938_334: -9.319944, 1.2802131, -2.7694895
20130226_152938_463: -9.191309, 1.4458699, -3.098334
20130226_152938_928: -9.294875, 1.5193855, -2.7326066
20130226_152938_935: -9.278256, 1.5833848, -2.7526767
20130226_152939_017: -9.3686905, 1.4414618, -2.5140016
20130226_152939_214: -9.592552, 1.0624343, -1.7391236
20130226_152939_562: -9.617085, 0.9470832, -1.6688629
20130226_152939_595: -9.619048, 0.95010763, -1.6557717
20130226_152939_713: -9.684377, 0.7536296, -1.3473297
20130226_152939_872: -9.604589, 0.8310399, -1.7976725
20130226_152940_024: -9.577727, 0.88210726, -1.9129648
20130226_152940_209: -9.5358, 1.0135933, -2.0522125
20130226_152940_836: -9.482809, 1.0533998, -2.2665136
20130226_152940_854: -9.050687, 1.3323746, -3.5327384
20130226_152941_349: -9.257883, 1.4570984, -2.8877077
20130226_152941_355: -9.403251, 1.2360777, -2.4942698
20130226_152941_362: -9.442031, 0.9462182, -2.4744906
20130226_152941_370: -9.4558735, 0.998153, -2.400111
20130226_152941_463: -8.992762, 1.1660103, -3.7337704
20130226_152941_616: -8.620016, 1.0539315, -4.55576
20130226_152941_816: -9.432181, 1.1266793, -2.4361737
20130226_152941_965: -9.618937, 0.9570105, -1.6524513
20130226_152942_131: -9.670117, 0.71182346, -1.4671544
20130226_152942_322: -9.710848, 0.62342477, -1.2170318
20130226_152942_521: -9.671746, 0.5757617, -1.5153283
20130226_152942_713: -9.713685, 0.54982847, -1.2297838
20130226_152942_869: -9.727616, 0.37420243, -1.1848265
20130226_152943_071: -9.717782, 0.3400839, -1.2725805
20130226_152943_737: -9.667046, 0.38603112, -1.6030046
20130226_152943_747: -9.64302, 0.49300537, -1.7145015
20130226_152943_759: -9.637508, 0.43709436, -1.7600539
20130226_152943_807: -9.593258, 0.6135034, -1.9399511
20130226_152944_007: -9.542229, 0.8466371, -2.0974932
20130226_152944_385: -9.406533, 1.2557805, -2.4719486
20130226_152944_405: -9.558228, 1.1907088, -1.8419766
20130226_152944_521: -9.61735, 1.0450677, -1.6077372
20130226_152944_672: -9.639545, 0.98314375, -1.5109669
20130226_152944_872: -9.664226, 1.1221777, -1.230402
20130226_152945_072: -9.6416445, 1.0988888, -1.414752
20130226_152945_264: -9.544141, 1.1721885, -1.9250282
20130226_152945_764: -9.568631, 1.2976425, -1.7110891
20130226_152946_171: -9.527282, 1.399885, -1.8551661
20130226_152946_177: -9.514776, 1.429142, -1.8965713
20130226_152946_184: -9.501517, 1.4517509, -1.9452444
20130226_152946_193: -9.504282, 1.4202771, -1.954951
20130226_152946_267: -9.527271, 1.3606242, -1.8842089
20130226_152946_470: -9.561835, 1.5232162, -1.5561136
20130226_152946_667: -9.590839, 1.3745464, -1.5155332
20130226_152946_874: -9.564301, 1.2536649, -1.767167
20130226_152947_028: -9.638564, 1.1485171, -1.3961974
20130226_152947_214: -9.636024, 1.1908119, -1.378191
20130226_152947_419: -9.643554, 1.1945827, -1.3210703
20130226_152947_622: -9.653932, 1.1387404, -1.2943127
20130226_152947_821: -9.672155, 0.9664348, -1.298385
20130226_152948_362: -9.652355, 0.927025, -1.4639193
20130226_152948_368: -9.657704, 0.83074576, -1.4862738
20130226_152948_376: -9.670121, 0.6384008, -1.5005248
20130226_152948_541: -9.654671, 0.7092491, -1.5667472
20130226_152948_664: -9.685334, 0.6831813, -1.3776673
20130226_152948_980: -9.696959, 0.074875355, -1.46075
20130226_152949_076: -9.652062, 0.14295447, -1.728483
20130226_152949_272: -9.693896, 0.48750427, -1.400402
20130226_152949_422: -9.681734, 0.88701755, -1.2836016
20130226_152949_623: -9.636609, 1.0977615, -1.4495211
20130226_152949_821: -9.578588, 1.0464431, -1.8237338
20130226_152950_011: -9.622984, 0.92845315, -1.6451664
20130226_152950_677: -9.642685, 1.2495685, -1.2757702
20130226_152950_696: -9.641651, 1.4352391, -1.0719471
20130226_152950_713: -9.682179, 1.5360314, -0.25769436
20130226_152950_731: -9.72299, 1.2744305, -0.098515905
20130226_152950_867: -9.703637, 1.4070351, -0.17346944
20130226_152951_069: -9.700184, 1.02444, -1.0135967
20130226_152951_315: -9.775229, 0.77858114, -0.09542875
20130226_152951_424: -9.773826, 0.8001552, -0.04971008
20130226_152951_621: -9.769564, 0.80334204, -0.28399962
20130226_152951_823: -9.756788, 0.8707421, -0.46613517
20130226_152952_021: -9.763957, 0.7162714, -0.5678788
20130226_152952_214: -9.755402, 0.69422144, -0.72150433
20130226_152952_410: -9.717465, 1.080557, -0.757389
20130226_152952_872: -9.670245, 1.3010653, -0.9818372
20130226_152952_881: -9.698712, 1.1661363, -0.86342067
20130226_152952_961: -9.688863, 1.318998, -0.74602264
20130226_152953_116: -9.708723, 1.2611744, -0.5661726
20130226_152953_452: -9.72123, 0.98416126, -0.83636874
20130226_152953_509: -9.745156, 0.61553544, -0.90744305
20130226_152953_696: -9.741731, 0.28523177, -1.089822
20130226_152953_874: -9.765582, 0.6829764, -0.5808102
20130226_152954_116: -9.7904415, 0.33176994, -0.455598
20130226_152954_272: -9.787389, 0.33374155, -0.5157763
20130226_152954_461: -9.786545, -0.014541736, -0.6274585
20130226_152955_002: -9.750299, -0.40511987, -0.96847945
20130226_152955_011: -9.749676, -0.3942492, -0.97917265
20130226_152955_018: -9.785171, -0.04616934, -0.6470552
20130226_152955_167: -9.792652, 0.42209876, 0.31013474
20130226_152955_361: -9.706643, 1.0496306, 0.9218007
20130226_152955_962: -9.71942, 1.0612463, 0.7596295
20130226_152955_980: -9.703712, 1.1815219, 0.7825404
20130226_152956_001: -9.697625, 1.3845214, 0.4578101
20130226_152956_073: -9.701558, 1.4140087, 0.22529842
20130226_152956_272: -9.7187605, 1.3099989, -0.0042588264
20130226_152956_464: -9.715273, 1.3337916, 0.06959727
20130226_152956_666: -9.730588, 1.2085114, 0.15985359
20130226_152956_861: -9.767859, 0.82398415, 0.28346595
20130226_152957_011: -9.73178, 1.0208216, 0.6486638
20130226_152957_474: -9.679614, 1.3059362, 0.87750417
20130226_152957_480: -9.706579, 1.2417002, 0.6409952
20130226_152957_564: -9.724157, 0.9649872, 0.8245941
20130226_152957_714: -9.689248, 1.2060993, 0.9133371
20130226_152958_094: -9.703689, 1.0546014, 0.9469138
20130226_152958_117: -9.740171, 0.9694395, 0.59971976
20130226_152958_264: -9.767025, 0.84697986, 0.241364
20130226_152958_422: -9.782512, 0.6874933, 0.0144566875
20130226_152958_610: -9.776867, 0.7634984, 0.018116964
20130226_152958_793: -9.734269, 1.1876622, -0.061932724
20130226_152958_974: -9.695919, 1.427558, 0.34872955
20130226_152959_161: -9.61643, 1.5833465, 1.0898145
20130226_152959_661: -9.632509, 1.6293381, 0.85464555
20130226_152959_667: -9.6617, 1.5828105, 0.56273735
20130226_152959_673: -9.7063465, 1.274166, 0.57772684
20130226_152959_864: -9.688694, 1.4119775, 0.55312604
20130226_153000_019: -9.7027025, 1.1844845, 0.7905328
20130226_153000_356: -9.687953, 0.92338914, 1.2088372
20130226_153000_374: -9.71084, 0.8016823, 1.1078341
20130226_153001_048: -9.751895, 0.56959116, 0.8639929
20130226_153001_059: -9.7440405, 0.5808818, 0.9416186
20130226_153001_068: -9.743951, 0.67469436, 0.87784845
20130226_153001_113: -9.744578, 0.4731322, 0.99486357
20130226_153001_264: -9.725083, 0.6303087, 1.0935434
20130226_153001_513: -9.697565, 0.75074387, 1.2505945
20130226_153001_902: -9.702243, 0.7432126, 1.2183968
20130226_153001_914: -9.623885, 0.89444125, 1.6586747
20130226_153002_017: -9.671795, 0.94556206, 1.3163062
20130226_153002_167: -9.74543, 0.8676564, 0.66645813
20130226_153002_365: -9.75207, 0.8230805, 0.6245491
20130226_153002_518: -9.752498, 0.8593153, 0.56635934
20130226_153002_666: -9.776293, 0.76501787, 0.09602818
20130226_153003_010: -9.71735, 1.190678, -0.57077104
20130226_153003_045: -9.687455, 1.3141257, -0.77244717
20130226_153003_214: -9.689303, 1.39609, -0.5820108
20130226_153003_371: -9.694215, 1.3607088, -0.5839812
20130226_153003_564: -9.684623, 1.3631631, -0.72129065
20130226_153003_800: -9.703694, 1.2203168, -0.7207982
20130226_153003_972: -9.713889, 1.0698463, -0.81621206
20130226_153004_507: -9.736732, 0.8411594, -0.81172615
20130226_153004_512: -9.724723, 0.8911153, -0.8978084
20130226_153004_522: -9.719526, 0.9420621, -0.9020731
20130226_153004_667: -9.699019, 1.1058719, -0.9361907
20130226_153004_866: -9.731277, 1.0096991, -0.67316175
20130226_153005_143: -9.75528, 0.7872842, -0.6205752
20130226_153005_263: -9.721899, 0.6032366, -1.1363126
20130226_153005_422: -9.697451, 0.77368665, -1.2374495
20130226_153005_947: -9.710816, 0.7895671, -1.1166891
20130226_153005_959: -9.682656, 1.012004, -1.1799983
20130226_153006_014: -9.665895, 1.1348245, -1.2054069
20130226_153006_217: -9.653307, 1.20802, -1.2348119
20130226_153006_670: -9.65688, 1.2176344, -1.1968387
20130226_153006_676: -9.697604, 0.79140884, -1.2249597
20130226_153006_814: -9.708343, 0.5921937, -1.2521216
20130226_153007_014: -9.718848, 0.546624, -1.1897753
20130226_153007_170: -9.739922, 0.4202098, -1.0619473
20130226_153007_369: -9.731026, 0.4326073, -1.1359649
20130226_153007_653: -9.724944, 0.4494657, -1.1805942
20130226_153007_709: -9.724927, 0.4735881, -1.1712945
20130226_153007_872: -9.733931, 0.5010565, -1.0816373
20130226_153008_072: -9.742718, 0.7293211, -0.8473028
20130226_153008_264: -9.747902, 0.6670715, -0.8389327
20130226_153008_414: -9.752331, 0.5761054, -0.8547154
20130226_153008_572: -9.76949, 0.45564988, -0.7210165
20130226_153008_759: -9.77472, 0.34782457, -0.7101178
20130226_153009_286: -9.778382, 0.23571971, -0.7057652
20130226_153009_293: -9.780736, 0.3891608, -0.5967957
20130226_153009_303: -9.779531, 0.41287923, -0.60058194
20130226_153009_413: -9.7786875, 0.4812569, -0.5621867
20130226_153009_566: -9.7885475, 0.33796546, -0.49041912
20130226_153009_909: -9.789652, 0.3828985, -0.4318518
20130226_153009_944: -9.779737, 0.37735814, -0.62026685
20130226_153010_072: -9.777471, 0.33517727, -0.67758507
20130226_153010_273: -9.7899065, 0.20730259, -0.53398824
20130226_153010_477: -9.790437, 0.21079057, -0.5227812
20130226_153010_816: -9.787651, 0.27164355, -0.5463465
20130226_153010_834: -9.783634, 0.29141733, -0.6049419
20130226_153011_480: -9.759265, 0.31399655, -0.91024816
20130226_153011_487: -9.729765, 0.5375322, -1.1014322
20130226_153011_497: -9.732474, 0.61590385, -1.0344092
20130226_153011_508: -9.756567, 0.57378584, -0.80658
20130226_153011_667: -9.750418, 0.6375978, -0.83259356
20130226_153011_867: -9.759189, 0.49893928, -0.82442313
20130226_153012_015: -9.7704, 0.34930342, -0.7666025
20130226_153012_300: -9.766198, 0.82299924, -0.33827713
20130226_153012_413: -9.696857, 1.3817836, -0.48172963
20130226_153012_573: -9.709975, 1.3535192, -0.23399581
20130226_153012_772: -9.742273, 1.0435658, -0.4116849
20130226_153012_971: -9.77953, 0.72417855, -0.0822323
20130226_153013_163: -9.786612, 0.58915174, -0.21339111
20130226_153013_364: -9.787326, 0.6066612, -0.10298399
20130226_153013_799: -9.785202, 0.6028365, -0.23833676
20130226_153013_809: -9.777445, 0.6825445, -0.32577187
20130226_153013_861: -9.767413, 0.8393076, -0.252187
20130226_153014_017: -9.750768, 0.9925949, -0.32814562
20130226_153014_421: -9.758889, 0.93471676, -0.24657677
20130226_153014_454: -9.778011, 0.67782897, -0.31850424
20130226_153014_572: -9.778064, 0.61898685, -0.42041183
20130226_153014_722: -9.7845545, 0.48210415, -0.44773325
20130226_153014_925: -9.798949, 0.34328738, -0.18204701
20130226_153015_128: -9.7914715, 0.54325217, -0.048565585
20130226_153015_325: -9.785891, 0.62559813, -0.123986445
20130226_153016_290: -9.790342, 0.5095745, -0.24479105
20130226_153016_299: -9.785247, 0.5578244, -0.3288836
20130226_153016_305: -9.774328, 0.6982551, -0.3812024
20130226_153016_312: -9.774391, 0.70774204, -0.36164194
20130226_153016_320: -9.782126, 0.5502053, -0.42151687
20130226_153016_412: -9.7915125, 0.41710818, -0.35029638
20130226_153016_568: -9.790827, 0.5301834, -0.17039457
20130226_153016_902: -9.795435, 0.4338966, -0.17763416
20130226_153016_915: -9.793577, 0.45459306, -0.22267683
20130226_153017_073: -9.796086, 0.4238239, -0.16575171
20130226_153017_263: -9.793036, 0.48593557, -0.17518473
20130226_153017_431: -9.7866335, 0.6217331, -0.07528788
20130226_153017_625: -9.778055, 0.6792894, -0.3140192
20130226_153017_813: -9.780221, 0.6622, -0.2813567
20130226_153018_421: -9.773587, 0.66716695, -0.44971594
20130226_153018_427: -9.780611, 0.64757574, -0.30113953
20130226_153018_435: -9.786232, 0.61131066, -0.16228373
20130226_153018_517: -9.788758, 0.58966196, 0.054191608
20130226_153018_718: -9.774719, 0.72210294, 0.32226738
20130226_153019_106: -9.751533, 0.9817378, 0.3378858
20130226_153019_120: -9.767244, 0.83158654, 0.2824854
20130226_153019_295: -9.769732, 0.8178236, 0.2321379
20130226_153019_422: -9.766338, 0.88469917, -0.079472475
20130226_153019_632: -9.757382, 0.966451, -0.17271161
20130226_153019_822: -9.750715, 0.97415787, -0.3807529
20130226_153020_022: -9.728124, 1.080326, -0.60573477
20130226_153020_213: -9.733054, 1.0984912, -0.48098552
20130226_153020_949: -9.734597, 0.9933499, -0.64906776
20130226_153020_979: -9.726444, 0.91320163, -0.8560025
20130226_153021_007: -9.713448, 1.1226914, -0.7475985
20130226_153021_030: -9.62077, 1.5460585, -1.1049343
20130226_153021_115: -9.620764, 1.769439, -0.69309217
20130226_153021_316: -9.632531, 1.7882767, -0.43221596
20130226_153021_590: -9.683105, 1.5143095, -0.33872986
20130226_153021_713: -9.734737, 1.1491445, -0.29118368
20130226_153021_873: -9.748987, 0.9798889, -0.4092083
20130226_153022_072: -9.761701, 0.8433821, -0.4102771
20130226_153022_274: -9.77103, 0.71449536, -0.43228522
20130226_153022_421: -9.766546, 0.74409384, -0.48095748
20130226_153022_573: -9.765619, 0.80860746, -0.386281
20130226_153023_143: -9.746954, 1.0179999, -0.36190614
20130226_153023_155: -9.747068, 0.9666361, -0.480318
20130226_153023_163: -9.752739, 0.97985727, -0.3072294
20130226_153023_258: -9.746964, 0.94727844, -0.5193702
20130226_153023_414: -9.752456, 0.8942967, -0.5101178
20130226_153023_794: -9.762493, 0.8875984, -0.27626812
20130226_153023_807: -9.763628, 0.91575253, -0.057860654
20130226_153023_972: -9.774737, 0.79027367, 0.018636605
20130226_153024_160: -9.763039, 0.90392715, -0.19073856
20130226_153024_332: -9.761203, 0.9420573, -0.04279694
20130226_153024_521: -9.759693, 0.9523245, 0.108951956
20130226_153024_721: -9.777934, 0.7498839, -0.009541151
20130226_153025_339: -9.771233, 0.8305729, 0.059640814
20130226_153025_353: -9.781312, 0.6910638, 0.13695201
20130226_153025_365: -9.775752, 0.77755326, 0.021714697
20130226_153025_414: -9.761338, 0.9397369, 0.059572134
20130226_153025_933: -9.70689, 1.3714062, -0.25674453
20130226_153025_956: -9.696208, 1.4551156, -0.19129327
20130226_153025_977: -9.707411, 1.3915808, -0.00763824
20130226_153026_333: -9.705986, 1.4013635, -0.020356268
20130226_153026_345: -9.725143, 1.2342355, -0.26191375
20130226_153026_511: -9.728837, 1.2208714, 0.17206804
20130226_153026_671: -9.711314, 1.3131595, 0.36933833
20130226_153026_881: -9.633641, 1.3809307, 1.2068074
20130226_153027_022: -9.744369, 0.9268168, 0.59890056
20130226_153027_214: -9.705185, 1.1275754, 0.8416461
20130226_153027_409: -9.684595, 1.1710478, 1.00382
20130226_153027_853: -9.681902, 1.2686225, 0.9065105
20130226_153027_860: -9.687931, 1.1530483, 0.9923887
20130226_153027_908: -9.733703, 0.93293285, 0.7450293
20130226_153028_068: -9.759884, 0.707543, 0.6437503
20130226_153028_219: -9.739559, 0.70141274, 0.90520054
20130226_153028_473: -9.680251, 1.0320082, 1.1824156
20130226_153028_559: -9.615526, 1.4044119, 1.3189626
20130226_153028_721: -9.59435, 1.4180851, 1.4518607
20130226_153028_871: -9.590831, 1.3318582, 1.5532273
20130226_153029_022: -9.576759, 1.4879929, 1.4973136
20130226_153029_214: -9.651677, 0.8565264, 1.5105904
20130226_153029_395: -9.689444, 1.0440198, 1.0932041
20130226_153029_615: -9.6978035, 0.6159103, 1.320482
20130226_153030_011: -9.668757, 1.1700268, 1.1474293
20130226_153030_022: -9.650785, 1.2904072, 1.1694354
20130226_153030_122: -9.644401, 1.0196096, 1.4547616
20130226_153030_264: -9.5839815, 1.3745424, 1.5583035
20130226_153030_601: -9.604041, 1.1267596, 1.6319323
20130226_153030_621: -9.604957, 0.97220933, 1.7233696
20130226_153031_015: -9.690436, 0.99563634, 1.1289494
20130226_153031_036: -9.697277, 0.7971795, 1.2238156
20130226_153031_182: -9.676762, 0.7583901, 1.3984003
20130226_153031_364: -9.593302, 1.0075691, 1.767411
20130226_153031_572: -9.566805, 1.1064165, 1.8499951
20130226_153032_196: -9.543175, 1.4081482, 1.7650273
20130226_153032_204: -9.570099, 1.1476167, 1.8073657
20130226_153032_211: -9.580204, 1.449101, 1.5133456
20130226_153032_259: -9.612122, 1.0697975, 1.6226673
20130226_153032_467: -9.589286, 1.2919676, 1.5958713
20130226_153032_615: -9.577375, 0.90417224, 1.9043945
20130226_153032_767: -9.515132, 0.54843354, 2.3090832
20130226_153033_050: -9.497723, 0.9863301, 2.2340164
20130226_153033_164: -9.534612, 1.1438053, 1.9882866
20130226_153033_322: -9.5467615, 1.1768059, 1.909152
20130226_153033_523: -9.541598, 0.9499974, 2.0556679
20130226_153033_721: -9.539041, 1.000083, 2.0437484
20130226_153033_867: -9.511214, 1.133545, 2.1029167
20130226_153034_064: -9.524748, 1.1213527, 2.0474746
20130226_153034_697: -9.493614, 1.2154427, 2.136448
20130226_153034_708: -9.493778, 1.1631923, 2.1646135
20130226_153034_719: -9.566362, 1.1332778, 1.8359746
20130226_153034_860: -9.625954, 1.4502255, 1.1866934
20130226_153035_251: -9.632125, 1.5798056, 0.94698274
20130226_153035_269: -9.652026, 1.5247278, 0.8270371
20130226_153035_363: -9.677752, 1.2261698, 1.0040134
20130226_153035_521: -9.671514, 1.3706241, 0.8680936
20130226_153036_016: -9.6943035, 1.2264999, 0.8286001
20130226_153036_059: -9.687615, 1.3612725, 0.6837036
20130226_153036_069: -9.719528, 1.081182, 0.72954035
20130226_153036_259: -9.725329, 1.1530038, 0.5088351
20130226_153036_837: -9.688202, 1.5182277, -0.064440615
20130226_153036_844: -9.689935, 1.484642, -0.2671911
20130226_153036_853: -9.717939, 1.3063284, -0.15993805
20130226_153036_966: -9.723811, 1.2508734, -0.23064211
20130226_153037_118: -9.703613, 1.3671814, -0.37563014
20130226_153037_265: -9.743378, 1.0815865, -0.25917292
20130226_153037_464: -9.738297, 1.1557182, -0.01588526
20130226_153037_789: -9.703157, 1.4067311, -0.20064153
20130226_153037_863: -9.700672, 1.3954996, -0.34636107
20130226_153038_022: -9.678613, 1.5057985, -0.4768933
20130226_153038_213: -9.691462, 1.4067248, -0.5168077
20130226_153038_366: -9.727848, 1.1533082, -0.4574626
20130226_153038_563: -9.752424, 0.97260165, -0.33861646
20130226_153038_720: -9.756479, 0.9705002, -0.19911885
20130226_153038_909: -9.743083, 1.0938452, -0.2150535
20130226_153039_342: -9.745593, 1.0805693, -0.16179244
20130226_153039_354: -9.74733, 1.0723709, -0.09987346
20130226_153039_464: -9.728295, 1.2180173, -0.21706747
20130226_153039_646: -9.719985, 1.2497776, -0.36102527
20130226_153039_999: -9.7269, 1.1525218, -0.47908905
20130226_153040_035: -9.716305, 1.2317157, -0.49670187
20130226_153040_109: -9.733071, 1.1453924, -0.35468644
20130226_153040_275: -9.710898, 1.3296384, -0.317678
20130226_153040_479: -9.731927, 1.1730387, -0.28972238
20130226_153040_673: -9.70628, 1.3581957, -0.33736733
20130226_153041_053: -9.718032, 1.2554142, -0.39267597
20130226_153041_067: -9.736248, 1.1046389, -0.39453036
20130226_153041_619: -9.721159, 1.1862177, -0.51222646
20130226_153041_628: -9.710567, 1.2628007, -0.5297396
20130226_153041_642: -9.6957245, 1.3895583, -0.48214784
20130226_153041_710: -9.681299, 1.4760952, -0.51379126
20130226_153041_909: -9.648828, 1.6552336, -0.57508886
20130226_153042_109: -9.691167, 1.3996257, -0.5410323
20130226_153042_353: -9.712651, 1.2891952, -0.4156547
20130226_153042_464: -9.72622, 1.1776478, -0.42919075
20130226_153042_623: -9.712032, 1.2851306, -0.44192368
20130226_153042_822: -9.715499, 1.2945644, -0.32181847
20130226_153043_014: -9.726003, 1.2168368, -0.30754912
20130226_153043_173: -9.7289915, 1.1827985, -0.34361354
20130226_153043_322: -9.748859, 1.0186439, -0.30411476
20130226_153043_512: -9.761515, 0.92258817, -0.17902562
20130226_153043_933: -9.765325, 0.8448029, -0.3084452
20130226_153043_944: -9.7684765, 0.82622325, -0.25413784
20130226_153044_011: -9.745649, 1.0741122, -0.19755466
20130226_153044_216: -9.685891, 1.4713348, -0.4348463
20130226_153044_600: -9.661796, 1.5819309, -0.5635399
20130226_153044_645: -9.6611805, 1.54408, -0.6691814
20130226_153044_759: -9.674734, 1.4426582, -0.69903386
20130226_153044_914: -9.708627, 1.2807448, -0.5221426
20130226_153045_063: -9.725575, 1.1601728, -0.48745355
20130226_153045_214: -9.71011, 1.3094609, -0.41168374
20130226_153045_422: -9.734817, 1.1608611, -0.23697014
20130226_153045_624: -9.73764, 1.1312013, -0.26289955
20130226_153046_371: -9.743326, 1.0829028, -0.25557402
20130226_153046_381: -9.730822, 1.1799951, -0.29850686
20130226_153046_387: -9.721289, 1.2417554, -0.35349956
20130226_153046_396: -9.721328, 1.237953, -0.36561581
20130226_153046_459: -9.719075, 1.265012, -0.33126345
20130226_153046_615: -9.698367, 1.4379287, -0.21076135
20130226_153046_978: -9.701882, 1.4134057, -0.21490532
20130226_153047_015: -9.687987, 1.4891176, -0.30956075
20130226_153047_210: -9.70388, 1.3490927, -0.43015784
20130226_153047_365: -9.71218, 1.3095044, -0.35938305
20130226_153047_564: -9.73488, 1.1498172, -0.28360155
20130226_153047_766: -9.739111, 1.1295359, -0.2103332
20130226_153047_974: -9.759423, 0.9573117, -0.08716946
20130226_153048_178: -9.737132, 1.1334244, -0.27209026
20130226_153048_585: -9.693154, 1.4068898, -0.48354807
20130226_153048_595: -9.703433, 1.317587, -0.5270067
20130226_153048_665: -9.692414, 1.3332604, -0.67074037
20130226_153048_813: -9.705551, 1.2665654, -0.60702217
20130226_153048_967: -9.700469, 1.3156476, -0.5834265
20130226_153049_167: -9.717859, 1.2240992, -0.4849331
20130226_153049_327: -9.71916, 1.1932563, -0.5333625
20130226_153049_521: -9.717139, 1.2585157, -0.40460926
20130226_153049_711: -9.742997, 1.071578, -0.31004182
20130226_153049_875: -9.749702, 1.0048225, -0.32254913
20130226_153050_025: -9.751246, 0.9896596, -0.3227546
20130226_153050_216: -9.7444515, 1.0370055, -0.37508273
20130226_153051_205: -9.732759, 1.1203332, -0.43433425
20130226_153051_229: -9.726688, 1.1618856, -0.4603645
20130226_153051_249: -9.719692, 1.2432564, -0.3902388
20130226_153051_265: -9.716338, 1.2713898, -0.3830711
20130226_153051_274: -9.714344, 1.2566134, -0.47204703
20130226_153051_287: -9.726934, 1.2205324, -0.2596458
20130226_153051_414: -9.740439, 1.1166234, -0.21774931
20130226_153051_752: -9.737559, 1.1519706, -0.15265112
20130226_153051_813: -9.764292, 0.90160173, -0.12690058
20130226_153051_974: -9.769928, 0.8283988, -0.18068157
20130226_153052_134: -9.755076, 0.9747601, -0.24233927
20130226_153052_310: -9.761216, 0.916413, -0.2219304
20130226_153052_474: -9.753982, 0.9752619, -0.28123832
20130226_153052_675: -9.748375, 1.0100441, -0.34549657
20130226_153052_858: -9.730459, 1.1837857, -0.29529375
20130226_153053_344: -9.724182, 1.1945128, -0.42877692
20130226_153053_354: -9.714487, 1.261517, -0.45575553
20130226_153053_411: -9.699293, 1.3332795, -0.56254387
20130226_153053_612: -9.690189, 1.3520418, -0.6652739
20130226_153054_025: -9.738537, 1.0624785, -0.44991586
20130226_153054_056: -9.764078, 0.82660156, -0.38718292
20130226_153054_162: -9.749776, 0.9719271, -0.40938395
20130226_153054_315: -9.759887, 0.90626204, -0.30608723
20130226_153054_465: -9.766465, 0.8506163, -0.2510016
20130226_153054_660: -9.748891, 1.0247517, -0.28176323
20130226_153054_860: -9.749706, 0.9882585, -0.37012365
20130226_153055_015: -9.739451, 1.0621896, -0.4303858
20130226_153055_592: -9.728338, 1.0953633, -0.57445556
20130226_153055_599: -9.694988, 1.3399515, -0.6181658
20130226_153055_605: -9.714316, 1.2183955, -0.5638912
20130226_153055_712: -9.702363, 1.2711082, -0.64715457
20130226_153055_860: -9.673359, 1.4400867, -0.7229624
20130226_153056_192: -9.677995, 1.3944714, -0.74984396
20130226_153056_219: -9.6860895, 1.2719966, -0.85563225
20130226_153056_414: -9.703743, 1.1445725, -0.83527154
20130226_153056_570: -9.70424, 1.1950006, -0.755036
20130226_153056_736: -9.70516, 1.2749693, -0.59558547
20130226_153056_922: -9.745553, 0.97942847, -0.48507485
20130226_153057_073: -9.739722, 1.0464153, -0.46174833
20130226_153057_267: -9.724238, 1.1578126, -0.51872957
20130226_153057_842: -9.723058, 1.1437247, -0.5696163
20130226_153057_849: -9.717763, 1.1285301, -0.6796429
20130226_153057_858: -9.714418, 1.1554533, -0.68222183
20130226_153057_967: -9.72381, 1.1428304, -0.5584394
20130226_153058_399: -9.761002, 0.8832139, -0.3364324
20130226_153058_411: -9.761071, 0.8884267, -0.32025722
20130226_153058_572: -9.772419, 0.7580394, -0.30920655
20130226_153058_771: -9.768901, 0.8327712, -0.21317397
20130226_153058_924: -9.753273, 0.99264836, -0.24236675
20130226_153059_122: -9.751546, 0.9579703, -0.40007368
20130226_153059_322: -9.7481165, 1.0095804, -0.35404813
20130226_153059_575: -9.765086, 0.88138324, -0.19140315
20130226_153100_039: -9.761935, 0.88245195, -0.3103639
20130226_153100_052: -9.763085, 0.8782707, -0.28495297
20130226_153100_062: -9.773617, 0.79543626, -0.118695356
20130226_153100_165: -9.77427, 0.78983617, -0.10106617
20130226_153100_359: -9.762655, 0.9145093, -0.15697452
20130226_153100_684: -9.745638, 1.0835505, -0.13727029
20130226_153100_718: -9.770684, 0.8391058, 0.0062172674
20130226_153100_826: -9.771898, 0.82295287, -0.055947512
20130226_153101_263: -9.7657995, 0.88003737, -0.1584107
20130226_153101_270: -9.76592, 0.8780601, -0.1619906
20130226_153101_311: -9.746475, 0.9622224, -0.5007345
20130226_153101_516: -9.736278, 1.0266485, -0.5668088
20130226_153101_712: -9.740257, 1.0059205, -0.5347183
20130226_153102_302: -9.761201, 0.8539974, -0.40006694
20130226_153102_308: -9.740681, 1.029188, -0.4798843
20130226_153102_317: -9.742318, 1.0380763, -0.4243334
20130226_153102_467: -9.70731, 1.2429408, -0.6273925
20130226_153102_615: -9.728224, 1.1560137, -0.44238576
20130226_153102_815: -9.7559595, 0.90979475, -0.40487203
20130226_153103_237: -9.764249, 0.8836454, -0.22135845
20130226_153103_255: -9.775073, 0.77536225, -0.13103461
20130226_153103_364: -9.76275, 0.8607485, -0.3438374
20130226_153103_563: -9.7499075, 0.9659936, -0.42016545
20130226_153103_721: -9.751706, 0.93035376, -0.45726943
20130226_153103_921: -9.752349, 0.90919286, -0.48524582
20130226_153104_123: -9.777413, 0.61595243, -0.43950406
20130226_153104_312: -9.759185, 0.88206935, -0.38817078
20130226_153104_916: -9.748863, 0.98646766, -0.39620122
20130226_153104_922: -9.734929, 1.0657105, -0.5155571
20130226_153104_930: -9.763057, 0.83317983, -0.39867023
20130226_153105_067: -9.768399, 0.8283421, -0.25023267
20130226_153105_268: -9.775314, 0.7491589, -0.22886254
20130226_153105_526: -9.769134, 0.82142776, -0.24426381
20130226_153105_571: -9.770247, 0.8170922, -0.21222295
20130226_153105_724: -9.78198, 0.67187804, -0.17840719
20130226_153106_283: -9.778975, 0.72386223, -0.13444588
20130226_153106_301: -9.760032, 0.9179259, -0.26378858
20130226_153106_325: -9.759511, 0.83359796, -0.4769307
20130226_153106_514: -9.755768, 0.81051946, -0.5817723
20130226_153106_660: -9.757649, 0.89892405, -0.3880591
20130226_153107_140: -9.736808, 1.0658399, -0.47847122
20130226_153107_154: -9.759517, 0.84916, -0.44847912
20130226_153107_265: -9.733058, 1.1019431, -0.4729881
20130226_153107_468: -9.7134905, 1.1722727, -0.666559
20130226_153107_666: -9.754414, 0.9012364, -0.45781568
20130226_153108_109: -9.766956, 0.75010616, -0.4629428
20130226_153108_132: -9.762054, 0.84001994, -0.4087515
20130226_153108_211: -9.775159, 0.71057916, -0.33428195
20130226_153108_371: -9.784209, 0.64767957, -0.14200754
20130226_153108_522: -9.76975, 0.8070485, -0.26660278
20130226_153108_709: -9.773861, 0.76795626, -0.2286261
20130226_153108_874: -9.78361, 0.65391374, -0.15415129
20130226_153109_071: -9.791928, 0.5117473, -0.16323856
20130226_153109_260: -9.780126, 0.7084518, -0.13279286
20130226_153109_767: -9.767889, 0.8631562, -0.1171642
20130226_153109_775: -9.780598, 0.7083246, -0.092774734
20130226_153109_833: -9.76923, 0.8346007, -0.1896414
20130226_153109_968: -9.755509, 0.9640641, -0.26645753
20130226_153110_315: -9.772864, 0.78608316, -0.20882775
20130226_153110_332: -9.781183, 0.70464724, -0.048326224
20130226_153110_424: -9.7812, 0.7005129, -0.088223934
20130226_153110_574: -9.772807, 0.7960216, -0.17020138
20130226_153110_774: -9.776384, 0.7643423, -0.09204759
20130226_153111_321: -9.771226, 0.795836, -0.24531683
20130226_153111_343: -9.751431, 0.9705747, -0.371466
20130226_153111_368: -9.750967, 0.8971301, -0.5330901
20130226_153111_902: -9.756113, 0.88281643, -0.4574866
20130226_153111_909: -9.739473, 0.923401, -0.6785194
20130226_153111_917: -9.728702, 1.0794823, -0.59788907
20130226_153112_064: -9.756417, 0.8709185, -0.47351623
20130226_153112_215: -9.764434, 0.81724185, -0.3979393
20130226_153112_415: -9.772838, 0.76156336, -0.2864967
20130226_153112_795: -9.780884, 0.6601856, -0.26243746
20130226_153112_810: -9.785852, 0.5832008, -0.25957245
20130226_153112_972: -9.782472, 0.58670557, -0.35976854
20130226_153113_123: -9.783281, 0.6154296, -0.2811378
20130226_153113_325: -9.78638, 0.6149749, -0.1377879
20130226_153113_521: -9.78376, 0.6680257, -0.04658318
20130226_153113_672: -9.778983, 0.68871146, -0.2599214
20130226_153113_859: -9.779446, 0.55637646, -0.4725541
20130226_153114_342: -9.769951, 0.64393765, -0.5511822
20130226_153114_351: -9.750077, 0.63440925, -0.8389807
20130226_153114_360: -9.717157, 0.8795701, -0.9867282
20130226_153114_516: -9.716992, 0.7772838, -1.070656
20130226_153114_664: -9.702016, 0.7969847, -1.185788
20130226_153114_967: -9.652637, 0.42989457, -1.676962
20130226_153115_013: -9.593929, 0.46797985, -1.9768387
20130226_153115_211: -9.475251, 0.28574178, -2.5116463
20130226_153115_372: -9.388005, 0.18533282, -2.8286724
20130226_153115_518: -9.331474, 0.22318463, -3.0073543
20130226_153115_722: -9.22395, 0.22569808, -3.3223758
20130226_153116_354: -9.225835, -0.068533584, -3.3240995
20130226_153116_765: -9.359472, 0.10059008, -2.925844
20130226_153116_772: -9.398735, 0.24801572, -2.787949
20130226_153116_778: -9.498036, 0.25174394, -2.4278278
20130226_153116_784: -9.395838, 0.14486952, -2.8049257
20130226_153116_857: -9.246686, 0.31832755, -3.2508225
20130226_153117_010: -9.08543, 0.43771076, -3.6652095
20130226_153117_169: -9.027145, 0.07160086, -3.8309143
20130226_153117_560: -9.038448, -0.008494418, -3.8048337
20130226_153117_596: -9.061462, 0.053108346, -3.7493289
20130226_153117_714: -9.276721, 0.3753072, -3.157843
20130226_153117_917: -9.552249, 0.8725827, -2.0404727
20130226_153118_112: -9.5397625, 1.0587721, -2.0105572
20130226_153118_271: -9.318998, 0.89728975, -2.919166
20130226_153118_421: -9.281612, 0.6798381, -3.091907
20130226_153118_617: -9.499204, 0.8100555, -2.2976816
20130226_153119_200: -9.39022, 0.8385712, -2.700178
20130226_153119_211: -9.362629, 0.6499475, -2.8441434
20130226_153119_221: -9.295012, 0.20426907, -3.1195197
20130226_153119_364: -9.28927, 0.2898194, -3.129828
20130226_153119_733: -9.315584, 0.37302414, -3.041564
20130226_153119_754: -9.372762, 0.25796762, -2.8731875
20130226_153119_871: -9.216078, 0.37729836, -3.330454
20130226_153120_046: -9.137403, 0.5108256, -3.5238228
20130226_153120_213: -9.151643, 0.6077995, -3.471081
20130226_153120_412: -9.310366, 1.0029913, -2.9122996
20130226_153120_615: -9.112052, 0.98105544, -3.4897623
20130226_153120_809: -9.016949, 0.90783566, -3.747114
20130226_153121_673: -8.902056, 0.77309686, -4.0405583
20130226_153121_681: -8.987351, 0.9766352, -3.8005419
20130226_153121_691: -8.979596, 1.0515592, -3.7988794
20130226_153121_697: -8.624908, 0.79582435, -4.598698
20130226_153121_759: -8.869661, 0.8165696, -4.102768
20130226_153121_915: -8.879994, 0.7780617, -4.0878716
20130226_153122_067: -9.343352, 1.2078831, -2.7227085
20130226_153122_297: -9.632194, 0.9329282, -1.587728
20130226_153122_472: -9.619989, 0.8829338, -1.6871941
20130226_153122_672: -9.677992, 0.8674146, -1.3245549
20130226_153122_861: -9.689091, 0.8334306, -1.2638463
20130226_153123_013: -9.648552, 0.69053227, -1.6121494
20130226_153123_167: -9.67825, 0.5972517, -1.4646327
20130226_153123_835: -9.661189, 0.55888695, -1.5872847
20130226_153123_841: -9.535087, 0.75592786, -2.1635845
20130226_153123_848: -9.50545, 0.705151, -2.306423
20130226_153123_960: -9.511933, 0.709682, -2.2781317
20130226_153124_111: -9.560625, 0.78069484, -2.0384731
20130226_153124_423: -9.587023, 0.52329683, -1.9963849
20130226_153124_507: -9.582509, 0.24084735, -2.0707216
20130226_153124_665: -9.61104, 0.032996845, -1.9486511
20130226_153124_865: -9.517856, -0.17028855, -2.356229
20130226_153125_097: -9.545147, 0.12185919, -2.2462726
20130226_153125_260: -9.625496, 0.117968924, -1.8725147
20130226_153125_466: -9.654558, 0.2723739, -1.6987311
20130226_153126_362: -9.654969, 0.42203853, -1.6654861
20130226_153126_387: -9.652283, 0.68713194, -1.591118
20130226_153126_404: -9.725166, 0.56496286, -1.1279929
20130226_153126_423: -9.720254, 0.69019777, -1.1003052
20130226_153126_437: -9.723768, 0.7566351, -1.0228435
20130226_153126_562: -9.764185, 0.32039946, -0.85348
20130226_153126_718: -9.7702875, 0.43750024, -0.72143507
20130226_153126_918: -9.711649, 0.33259803, -1.3204808
20130226_153127_122: -9.751745, 0.43329543, -0.941336
20130226_153127_326: -9.773149, 0.07804346, -0.80613256
20130226_153127_513: -9.747586, 0.39978525, -0.9975708
20130226_153127_672: -9.774681, 0.26449442, -0.74567574
20130226_153127_821: -9.748864, 0.19506131, -1.0449928
20130226_153128_009: -9.739805, 0.23271604, -1.1191224
20130226_153128_434: -9.673832, 0.40857905, -1.5557781
20130226_153128_440: -9.723495, 0.6056524, -1.1212577
20130226_153128_558: -9.728991, 0.45393685, -1.1450325
20130226_153128_714: -9.713208, 0.36865854, -1.2992557
20130226_153129_055: -9.71795, -0.34323367, -1.2704555
20130226_153129_120: -9.711314, -0.47552666, -1.2785338
20130226_153129_320: -9.751588, -0.2463944, -1.0080808
20130226_153129_472: -9.721826, -0.19023192, -1.2729133
20130226_153129_622: -9.751683, -0.23789705, -1.0091773
20130226_153129_821: -9.741517, -0.65551704, -0.9184379
20130226_153130_021: -9.740983, -0.5503433, -0.9903499
20130226_153130_604: -9.741706, -0.60827374, -0.94844437
20130226_153130_613: -9.722323, -0.6846726, -1.0853873
20130226_153130_621: -9.72478, -0.8089765, -0.9719056
20130226_153130_717: -9.707248, -0.7938544, -1.1443448
20130226_153130_864: -9.742078, -0.66228586, -0.9075763
20130226_153131_301: -9.679262, -0.971788, -1.2401167
20130226_153131_326: -9.702698, -0.6306151, -1.2768615
20130226_153131_466: -9.661624, -0.99023867, -1.3575267
20130226_153131_663: -9.677593, -0.6981242, -1.4238054
20130226_153131_825: -9.67281, -0.85860115, -1.3674586
20130226_153132_022: -9.636221, -1.02516, -1.504221
20130226_153132_215: -9.608604, -1.2651783, -1.498153
20130226_153132_366: -9.565073, -1.3287182, -1.7071228
20130226_153132_963: -9.65437, -1.193016, -1.2410686
20130226_153132_970: -9.609556, -1.2651674, -1.4920448
20130226_153132_977: -9.604801, -1.4857911, -1.3079207
20130226_153133_124: -9.609987, -1.2889007, -1.4687741
20130226_153133_522: -9.596067, -1.307847, -1.5412493
20130226_153133_555: -9.575545, -1.2859741, -1.6809435
20130226_153133_659: -9.539106, -1.3637145, -1.8210195
20130226_153133_822: -9.539782, -1.2147216, -1.9202614
20130226_153134_021: -9.533693, -1.1792431, -1.9719186
20130226_153134_213: -9.613668, -1.0575521, -1.621524
20130226_153134_363: -9.654526, -0.76468325, -1.5413538
20130226_153134_522: -9.589582, -0.8413994, -1.8714626
20130226_153135_242: -9.658973, -0.6834344, -1.551635
20130226_153135_250: -9.537943, -0.82677567, -2.1247268
20130226_153135_256: -9.574723, -0.77388316, -1.9738737
20130226_153135_317: -9.663942, -0.72350734, -1.5017112
20130226_153135_511: -9.694367, -0.59797937, -1.3535303
20130226_153135_770: -9.708588, -0.4903262, -1.2935648
20130226_153135_921: -9.727006, -0.2908996, -1.2129183
20130226_153136_133: -9.611586, -0.68437725, -1.8219349
20130226_153136_311: -9.656581, -0.40170157, -1.6611677
20130226_153136_772: -9.577934, -0.3918695, -2.0688198
20130226_153136_793: -9.544595, -0.57399595, -2.1775346
20130226_153136_818: -9.578784, -0.5675683, -2.0236535
20130226_153137_563: -9.647288, -0.5663542, -1.6671742
20130226_153137_582: -9.660422, -0.38760832, -1.6420673
20130226_153137_598: -9.579913, -0.633383, -1.9986224
20130226_153137_607: -9.729898, -0.44400197, -1.141193
20130226_153137_717: -9.683494, -0.5123513, -1.4621363
20130226_153137_918: -9.512609, -0.5827651, -2.3110747
20130226_153138_117: -9.413792, -0.4758907, -2.7063756
20130226_153138_494: -9.420503, -0.5028043, -2.6780078
20130226_153138_530: -9.509291, -0.33110344, -2.3736396
20130226_153138_621: -9.682076, -0.23478973, -1.540349
20130226_153138_771: -9.719345, -0.35836864, -1.2555063
20130226_153138_977: -9.588087, -0.5118281, -1.9942473
20130226_153139_166: -9.410541, -0.44924074, -2.722181
20130226_153139_359: -9.542619, -0.31384093, -2.2383788
20130226_153139_513: -9.6127825, -0.22221155, -1.9275513
20130226_153139_964: -9.623577, -0.0037086452, -1.886042
20130226_153139_971: -9.377866, -0.33429772, -2.8485575
20130226_153140_063: -9.557716, -0.13970892, -2.191105
20130226_153140_216: -9.486862, -0.0456345, -2.4834938
20130226_153140_626: -9.552707, -0.08625162, -2.2155712
20130226_153140_644: -9.545179, -0.24807768, -2.2357116
20130226_153140_721: -9.652146, -0.22943464, -1.7186753
20130226_153140_871: -9.5973835, -0.31994918, -1.9895425
20130226_153141_075: -9.632927, -0.34406492, -1.8051931
20130226_153141_264: -9.642635, -0.31242782, -1.7585222
20130226_153141_465: -9.632761, -0.363819, -1.802202
20130226_153141_615: -9.657725, -0.49818918, -1.6280499
20130226_153142_224: -9.657104, -0.32690382, -1.6744784
20130226_153142_232: -9.669485, -0.22721842, -1.6185862
20130226_153142_242: -9.634438, -0.21801308, -1.816727
20130226_153142_314: -9.620433, -0.24010654, -1.8867964
20130226_153142_516: -9.7206545, -0.16322087, -1.2855499
20130226_153142_892: -9.739393, -0.09993337, -1.1422055
20130226_153142_906: -9.7326565, -0.5113944, -1.0882331
20130226_153143_072: -9.705554, -0.6592837, -1.2401457
20130226_153143_263: -9.728976, -0.6789285, -1.0278271
20130226_153143_425: -9.751239, -0.5278538, -0.89726186
20130226_153143_621: -9.74273, -0.46483636, -1.0166253
20130226_153143_821: -9.724696, -0.52357584, -1.1517537
20130226_153144_060: -9.6834, -0.53321433, -1.4552792
20130226_153144_437: -9.673017, -0.538486, -1.5209172
20130226_153144_448: -9.656977, -0.5069449, -1.6297847
20130226_153144_509: -9.666303, -0.6285669, -1.5290213
20130226_153144_717: -9.718986, -0.34522682, -1.261953
20130226_153145_046: -9.7253065, -0.59431905, -1.1115695
20130226_153145_109: -9.724322, -0.6443689, -1.0921444
20130226_153145_296: -9.704657, -0.52719784, -1.3084809
20130226_153145_463: -9.745189, -0.44218338, -1.0030696
20130226_153145_659: -9.745946, -0.53362757, -0.94983345
20130226_153145_822: -9.749931, -0.53706425, -0.90596336
20130226_153146_022: -9.761356, -0.26006314, -0.9048206
20130226_153146_835: -9.767015, -0.32249287, -0.81963676
20130226_153146_854: -9.764819, -0.03401932, -0.9041797
20130226_153146_882: -9.751945, -0.17616467, -1.0192846
20130226_153146_903: -9.761038, -0.14311273, -0.93382895
20130226_153146_911: -9.753107, -0.15417817, -1.0116969
20130226_153147_068: -9.75488, -0.33497941, -0.94895345
20130226_153147_214: -9.778206, -0.12170652, -0.7363921
20130226_153147_529: -9.785571, -0.39462402, -0.507187
20130226_153147_553: -9.785918, -0.32548794, -0.5479542
20130226_153147_721: -9.777821, -0.29905528, -0.6893492
20130226_153147_922: -9.763144, -0.35918608, -0.84996086
20130226_153148_132: -9.765106, -0.36062136, -0.8264795
20130226_153148_321: -9.759596, -0.47023982, -0.8363924
20130226_153148_511: -9.766568, -0.3915369, -0.7944889
20130226_153149_018: -9.764623, -0.4206496, -0.80349696
20130226_153149_025: -9.760093, -0.286128, -0.91056645
20130226_153149_116: -9.741478, -0.61403984, -0.9470868
20130226_153149_266: -9.746614, -0.587522, -0.910349
20130226_153149_468: -9.741073, -0.71279407, -0.87966835
20130226_153149_719: -9.740191, -0.79143196, -0.8202026
20130226_153149_822: -9.742635, -0.79729915, -0.7847277
20130226_153149_972: -9.701661, -1.1082284, -0.90553635
20130226_153150_123: -9.709645, -0.9736336, -0.9722256
20130226_153150_336: -9.708022, -0.9190115, -1.0393045
20130226_153150_522: -9.686199, -0.97782665, -1.1797423
20130226_153150_709: -9.681356, -0.88971174, -1.2845705
20130226_153151_264: -9.670316, -0.73124886, -1.4562527
20130226_153151_271: -9.684978, -0.63279784, -1.4039912
20130226_153151_279: -9.69874, -0.7591402, -1.2363322
20130226_153151_414: -9.710332, -0.4549176, -1.2934148
20130226_153151_779: -9.699279, -0.5461502, -1.3401892
20130226_153151_812: -9.707257, -0.6693679, -1.221267
20130226_153152_114: -9.72044, -0.5829681, -1.1591259
20130226_153152_163: -9.709673, -0.613442, -1.2314123
20130226_153152_322: -9.735397, -0.60538405, -1.0128975
20130226_153152_527: -9.755371, -0.6225006, -0.78462505
20130226_153152_682: -9.772205, -0.45114028, -0.6861986
20130226_153152_863: -9.752716, -0.59774804, -0.8352371
20130226_153153_021: -9.7596655, -0.46483973, -0.8386232
20130226_153153_164: -9.764079, -0.42075685, -0.8100231
20130226_153153_666: -9.760935, -0.09905016, -0.9406033
20130226_153153_674: -9.755924, 0.15798092, -0.9835358
20130226_153153_709: -9.7612295, 0.18916196, -0.92358315
20130226_153153_864: -9.754675, 0.30318743, -0.9616651
20130226_153154_014: -9.744392, 0.2277426, -1.0795027
20130226_153154_286: -9.76142, -0.032223668, -0.9402318
20130226_153154_421: -9.755951, -0.0937408, -0.99150026
20130226_153154_621: -9.742293, 0.062432785, -1.1199244
20130226_153154_771: -9.762728, 0.13051775, -0.9178932
20130226_153154_922: -9.7638235, 0.18766835, -0.89607584
20130226_153155_124: -9.768929, 0.3746594, -0.77334964
20130226_153155_311: -9.751552, 0.23815498, -1.0104042
20130226_153155_826: -9.748888, 0.09201266, -1.0588366
20130226_153155_832: -9.7214775, 0.41974854, -1.2194647
20130226_153155_860: -9.711785, 0.47497842, -1.2751553
20130226_153156_066: -9.682871, 0.71645623, -1.3780817
20130226_153156_406: -9.711343, 0.52092123, -1.2604914
20130226_153156_459: -9.704084, 0.6141069, -1.2743723
20130226_153156_909: -9.707414, 0.41391793, -1.3285996
20130226_153156_918: -9.696155, 0.40829775, -1.4100639
20130226_153157_013: -9.705185, 0.6142299, -1.2658956
20130226_153157_213: -9.700415, 0.62314063, -1.2976997
20130226_153157_371: -9.650401, 0.83773875, -1.5291753
20130226_153157_957: -9.660168, 0.96635944, -1.3848116
20130226_153157_966: -9.657093, 1.1147968, -1.2915821
20130226_153157_972: -9.702652, 0.9289311, -1.0798265
20130226_153158_117: -9.700424, 1.0156057, -1.0201459
20130226_153158_314: -9.694025, 1.1191149, -0.9715169
20130226_153158_465: -9.680474, 1.2323459, -0.96959734
20130226_153158_666: -9.690971, 0.9580736, -1.15654
20130226_153158_950: -9.684708, 0.957554, -1.2082778
20130226_153159_013: -9.664065, 1.0146701, -1.321621
20130226_153159_168: -9.670567, 0.93963253, -1.329519
20130226_153159_371: -9.6893, 0.969774, -1.1607664
20130226_153159_559: -9.727664, 0.81754965, -0.9351681
20130226_153159_721: -9.722911, 0.858415, -0.94789815
20130226_153159_921: -9.732295, 0.66411054, -1.005861
20130226_153200_508: -9.7288885, 0.86897427, -0.8740844
20130226_153200_517: -9.70447, 1.0712321, -0.91985303
20130226_153200_530: -9.7515955, 0.66196513, -0.79911685
20130226_153200_616: -9.73245, 0.8368865, -0.86572635
20130226_153200_801: -9.704915, 0.9582544, -1.0328555
20130226_153200_921: -9.720238, 0.96186876, -0.8730358
20130226_153201_181: -9.752078, 0.7526331, -0.70774376
20130226_153201_323: -9.764616, 0.5202617, -0.7429735
20130226_153201_524: -9.750032, 0.7009138, -0.7848332
20130226_153201_884: -9.779476, -0.12629041, -0.71854544
20130226_153201_911: -9.756753, -0.29073718, -0.94425917
20130226_153202_122: -9.673183, -0.38565037, -1.56563
20130226_153202_724: -9.722849, -0.12721448, -1.2729558
20130226_153202_732: -9.723679, 0.042398002, -1.272266
20130226_153202_741: -9.782646, 0.016910803, -0.68551004
20130226_153202_814: -9.787136, 0.38274345, -0.48565733
20130226_153202_968: -9.790135, 0.4593215, -0.33560443
20130226_153203_122: -9.803907, 0.23181894, -0.0075324415
20130226_153203_501: -9.805239, 0.15787841, -0.052751347
20130226_153203_513: -9.804104, 0.12025954, -0.18835808
20130226_153203_671: -9.806373, -0.07288915, 0.011550738
20130226_153203_871: -9.801079, 0.04385463, -0.32764673
20130226_153204_060: -9.773904, 0.363165, -0.71365917
20130226_153204_213: -9.65832, 1.0472443, -1.3381138
20130226_153204_371: -9.57493, 1.4224749, -1.570878
20130226_153204_559: -9.611049, 1.1720649, -1.5570451
20130226_153204_985: -9.632885, 1.1326381, -1.4474252
20130226_153204_995: -9.624053, 1.549738, -1.0706419
20130226_153205_064: -9.636218, 1.567484, -0.92558163
20130226_153205_217: -9.644893, 1.3522322, -1.1479876
