20130226_152815_467: -9.624691, -0.30645782, -1.4269443
20130226_152815_480: -9.682152, -0.32561144, -1.388637
20130226_152815_487: -9.634268, -0.35434186, -1.3790601
20130226_152815_489: -9.691729, -0.31603462, -1.388637
20130226_152815_616: -9.634268, -0.32561144, -1.388637
20130226_152815_767: -9.710882, -0.34476504, -1.340753
20130226_152815_921: -9.701305, -0.32561144, -1.3790601
20130226_152816_207: -9.634268, -0.30645782, -1.3503298
20130226_152816_230: -9.758766, -0.31603462, -1.4077905
20130226_152816_388: -9.643845, -0.30645782, -1.3790601
20130226_152816_525: -9.672575, -0.37349546, -1.3694834
20130226_152816_675: -9.701305, -0.2873042, -1.3694834
20130226_152816_825: -9.720459, -0.31603462, -1.388637
20130226_152816_975: -9.701305, -0.38307226, -1.3982137
20130226_152817_127: -9.662998, -0.31603462, -1.3790601
20130226_152817_277: -9.701305, -0.22984336, -1.2641385
20130226_152817_764: -9.682152, -0.37349546, -1.4269443
20130226_152817_771: -9.701305, -0.40222588, -1.388637
20130226_152817_777: -9.691729, -0.29688102, -1.3503298
20130226_152817_907: -9.653421, -0.34476504, -1.340753
20130226_152818_082: -9.672575, -0.34476504, -1.388637
20130226_152818_322: -9.701305, -0.31603462, -1.4173675
20130226_152818_385: -9.682152, -0.34476504, -1.3982137
20130226_152818_535: -9.691729, -0.30645782, -1.3694834
20130226_152818_689: -9.643845, -0.33518824, -1.3790601
20130226_152818_839: -9.758766, -0.31603462, -1.3599066
20130226_152818_990: -9.634268, -0.35434186, -1.4173675
20130226_152819_146: -9.653421, -0.2777274, -1.3024458
20130226_152819_294: -9.653421, -0.34476504, -1.3694834
20130226_152819_483: -9.873688, -0.31603462, -1.2545617
20130226_152820_002: -9.672575, -0.37349546, -1.4173675
20130226_152820_009: -9.662998, -0.34476504, -1.3790601
20130226_152820_015: -9.634268, -0.33518824, -1.3599066
20130226_152820_075: -9.605537, -0.35434186, -1.4173675
20130226_152820_619: -9.653421, -0.34476504, -1.4173675
20130226_152820_641: -9.730036, -0.23942018, -1.3215994
20130226_152820_665: -9.634268, -0.34476504, -1.3599066
20130226_152820_712: -9.682152, -0.31603462, -1.3599066
20130226_152821_047: -9.672575, -0.30645782, -1.5131354
20130226_152821_088: -9.749189, -0.29688102, -1.3215994
20130226_152821_175: -9.739613, -0.40222588, -1.3215994
20130226_152821_317: -9.691729, -0.4405331, -1.3599066
20130226_152821_470: -9.816227, -0.34476504, -1.5897499
20130226_152821_644: -9.969456, -0.90021986, -1.4173675
20130226_152821_797: -9.519346, 0.25857377, -0.29688102
20130226_152821_948: -9.375694, -0.20111294, -1.6759412
20130226_152822_098: -9.433155, -0.2873042, -0.9864111
20130226_152822_662: -9.260772, -0.38307226, -1.5801731
20130226_152822_669: -8.992621, -0.38307226, -1.6376339
20130226_152822_676: -9.710882, -0.51714754, -1.5897499
20130226_152822_724: -9.040505, -0.46926352, -1.6950948
20130226_152822_882: -8.848969, -0.2681506, -1.388637
20130226_152823_053: -9.165004, -0.06703765, -0.91937345
20130226_152823_341: -10.630256, -0.21068975, -0.7182605
20130226_152823_381: -10.582372, -0.32561144, -0.79487497
20130226_152823_534: -10.783484, -0.32561144, -0.8810662
20130226_152823_683: -9.730036, -0.50757074, -1.733402
20130226_152823_846: -9.423578, -0.6607997, -1.7908629
20130226_152824_013: -9.414001, -0.545878, -1.8483237
20130226_152824_180: -8.935161, -0.23942018, -1.3215994
20130226_152824_339: -8.839393, -0.16280572, -1.2066777
20130226_152824_856: -9.203311, -0.10534488, -0.89064306
20130226_152824_863: -10.5919485, -0.2873042, -0.7757214
20130226_152824_871: -10.793061, -0.45010993, -1.1587936
20130226_152824_969: -9.825804, -0.62249243, -1.8291701
20130226_152825_145: -9.097966, -0.45010993, -1.7908629
20130226_152825_721: -9.021352, -0.15322891, -1.2162545
20130226_152825_746: -9.557653, -0.06703765, -0.7661445
20130226_152825_766: -10.5440645, -0.31603462, -0.7565677
20130226_152825_793: -9.720459, -0.7278373, -2.0685902
20130226_152825_945: -9.021352, -0.05746084, -0.92895025
20130226_152826_098: -10.304645, -0.18195933, -0.78529817
20130226_152826_280: -10.400413, -0.61291564, -1.532289
20130226_152826_422: -9.126697, -0.45010993, -1.541866
20130226_152826_574: -8.887277, -0.32561144, -1.532289
20130226_152826_723: -9.490616, -0.06703765, -0.9576807
20130226_152827_327: -10.208876, -0.2681506, -0.6991069
20130226_152827_333: -10.601525, -0.45010993, -1.2258313
20130226_152827_337: -9.988609, -0.60333884, -1.6280571
20130226_152827_343: -8.983045, -0.5650316, -1.7812861
20130226_152827_503: -9.107543, -0.22984336, -1.2066777
20130226_152827_656: -10.208876, -0.18195933, -0.8523358
20130226_152827_979: -8.90643, -0.7565677, -2.327164
20130226_152828_003: -10.228029, 0.18195933, -0.12449849
20130226_152828_133: -8.858546, -0.6991069, -2.3942018
20130226_152828_323: -10.093954, 0.23942018, 0.047884032
20130226_152828_490: -10.141838, -0.8331822, -2.1260512
20130226_152828_637: -9.653421, 0.2681506, -0.16280572
20130226_152828_788: -9.107543, -0.7661445, -2.4995465
20130226_152828_939: -10.984597, -0.2777274, -0.6799533
20130226_152829_503: -9.481039, 0.33518824, 0.019153614
20130226_152829_514: -8.494628, -0.39264908, -1.7429788
20130226_152829_521: -9.241618, -0.92895025, -2.72939
20130226_152829_542: -10.515334, -0.7757214, -1.9249382
20130226_152829_692: -10.888829, -0.23942018, -0.51714754
20130226_152829_847: -9.576807, 0.22984336, 0.12449849
20130226_152830_097: -10.180145, 0.12449849, 0.31603462
20130226_152830_171: -10.170568, 0.009576807, 0.78529817
20130226_152830_517: -8.90643, -0.6895301, -2.0398598
20130226_152830_535: -8.801085, -0.92895025, -2.135628
20130226_152830_624: -8.90643, -0.90979666, -2.4133554
20130226_152830_780: -9.739613, -0.7565677, -2.327164
20130226_152830_931: -9.11712, -0.58418524, -1.982399
20130226_152831_085: -8.676587, 0.02873042, -1.0055647
20130226_152831_612: -8.887277, 0.34476504, 0.009576807
20130226_152831_618: -9.797073, 0.24899697, 0.05746084
20130226_152831_626: -11.022904, -0.4309563, -0.91937345
20130226_152831_737: -10.879252, -0.51714754, -1.1013328
20130226_152831_888: -10.869676, -0.35434186, -0.7374141
20130226_152832_039: -11.128249, -0.1436521, -0.45010993
20130226_152832_190: -10.563218, 0.21068975, 0.009576807
20130226_152832_559: -9.998186, 0.23942018, 0.1340753
20130226_152832_604: -8.935161, 0.1340753, -0.25857377
20130226_152832_641: -8.513782, -0.22984336, -1.5801731
20130226_152832_795: -8.743625, -0.7086837, -2.4133554
20130226_152832_945: -10.01734, -1.0247183, -2.4995465
20130226_152833_106: -10.611102, -0.93852705, -2.0494366
20130226_152833_277: -10.716447, -0.47884035, -1.2545617
20130226_152833_426: -11.003751, -0.35434186, -0.9768343
20130226_152833_600: -10.783484, -0.1340753, -0.33518824
20130226_152833_750: -10.91756, 0.1340753, -0.1436521
20130226_152833_900: -9.969456, 0.24899697, 0.16280572
20130226_152834_051: -9.021352, 0.21068975, -0.12449849
20130226_152834_732: -8.39886, 0.076614454, -0.8523358
20130226_152834_760: -8.465898, -0.17238252, -1.436521
20130226_152834_780: -8.743625, -0.61291564, -2.27928
20130226_152834_798: -9.136273, -0.80445176, -2.480393
20130226_152834_806: -9.720459, -0.9672575, -2.585738
20130226_152834_985: -9.998186, -1.043872, -2.4708161
20130226_152835_134: -9.883265, -1.13964, -2.6719291
20130226_152835_284: -9.461885, -1.0247183, -2.566584
20130226_152835_622: -8.896853, -0.58418524, -1.9728222
20130226_152835_641: -8.762778, -0.18195933, -1.3311762
20130226_152835_775: -8.580819, 0.30645782, -0.12449849
20130226_152835_952: -9.433155, 0.06703765, 0.038307227
20130226_152836_364: -10.994174, -0.24899697, -1.0247183
20130226_152836_367: -10.199299, -1.1779473, -2.9592333
20130226_152836_382: -8.944737, -0.12449849, -1.0726024
20130226_152836_535: -9.337387, 0.31603462, 0.32561144
20130226_152836_685: -10.955867, -1.3694834, -2.6240451
20130226_152836_836: -9.404425, -0.8523358, -2.4995465
20130226_152837_216: -9.030929, 0.48841715, -0.02873042
20130226_152837_235: -10.726024, -0.40222588, -1.1300632
20130226_152837_293: -10.67814, 0.19153613, 0.06703765
20130226_152837_443: -9.394848, -0.79487497, -2.815581
20130226_152837_599: -10.04607, 0.047884032, -0.50757074
20130226_152837_799: -9.969456, -0.8619126, -2.834735
20130226_152837_922: -10.333375, -0.10534488, -0.8714894
20130226_152838_074: -9.615114, 0.16280572, -0.842759
20130226_152838_224: -10.524911, -0.18195933, -1.3982137
20130226_152838_398: -10.084377, -1.2162545, -4.098873
20130226_152838_871: -9.011775, 0.6991069, 0.38307226
20130226_152838_877: -10.43872, -1.283292, -3.3806129
20130226_152838_885: -8.781932, 0.22984336, -0.9864111
20130226_152839_028: -10.668563, -1.2162545, -2.432509
20130226_152839_179: -9.519346, -0.41180268, -1.1683705
20130226_152839_474: -10.007763, -1.388637, -3.1890767
20130226_152839_511: -8.6574335, 0.31603462, 0.17238252
20130226_152839_632: -10.429143, -0.17238252, -0.6512229
20130226_152839_784: -10.352529, -1.4077905, -3.1028855
20130226_152839_933: -8.724471, 0.22026655, 0.5746084
20130226_152840_090: -10.70687, -1.292869, -2.1739352
20130226_152840_243: -8.848969, -0.12449849, -0.40222588
20130226_152840_634: -10.419566, -1.8770541, -3.2369606
20130226_152840_644: -9.155427, 0.24899697, 1.1013328
20130226_152840_718: -10.007763, -0.4405331, -0.29688102
20130226_152841_191: -9.988609, -0.31603462, -0.6895301
20130226_152841_197: -10.275913, -0.5746084, -0.095768064
20130226_152841_207: -10.218452, -0.545878, -0.36391866
20130226_152841_302: -10.208876, -0.6512229, -0.7374141
20130226_152841_454: -10.28549, -0.8714894, -1.13964
20130226_152841_608: -9.461885, -0.63206923, -1.6089035
20130226_152841_758: -9.672575, -0.8714894, -1.4269443
20130226_152841_908: -9.404425, -0.36391866, -1.1971009
20130226_152842_087: -9.749189, -0.05746084, 0.5554548
20130226_152842_213: -10.1226845, -0.25857377, -0.91937345
20130226_152842_363: -9.931149, -1.2737153, -2.7389667
20130226_152842_513: -8.848969, -0.58418524, -1.9728222
20130226_152842_667: -10.668563, -1.2449849, -2.27928
20130226_152842_823: -9.385271, -0.48841715, -1.2258313
20130226_152843_447: -9.557653, -1.4556746, -2.8443117
20130226_152843_453: -10.323798, -0.89064306, -1.6663644
20130226_152843_463: -9.682152, -0.79487497, -1.3215994
20130226_152843_469: -8.7053175, -0.9959879, -2.4420857
20130226_152843_599: -9.835381, -1.3790601, -2.4995465
20130226_152843_751: -10.132261, -0.90979666, -1.4077905
20130226_152843_905: -9.433155, -0.79487497, -1.4460979
20130226_152844_179: -8.494628, -1.5227122, -2.767697
20130226_152844_232: -9.500193, -1.8195933, -2.4229321
20130226_152844_387: -9.32781, -0.62249243, -0.6703765
20130226_152844_537: -10.218452, -1.7046716, -2.767697
20130226_152844_686: -8.7532015, 0.2777274, 1.436521
20130226_152844_835: -11.137826, -0.6799533, -0.19153613
20130226_152844_989: -10.429143, -1.3599066, -1.9632454
20130226_152845_143: -8.963891, -0.6512229, -1.1492168
20130226_152846_029: -9.002198, 0.50757074, 1.091756
20130226_152846_037: -10.132261, 0.095768064, -0.23942018
20130226_152846_045: -10.084377, -1.2449849, -3.2369606
20130226_152846_046: -9.14585, -0.82360536, -1.3790601
20130226_152846_053: -9.232041, -1.0247183, -1.9632454
20130226_152846_079: -9.404425, -0.6512229, -1.8100165
20130226_152846_231: -10.199299, -1.2162545, -1.4939818
20130226_152846_383: -10.333375, -1.2737153, -0.12449849
20130226_152846_632: -10.084377, -0.6703765, 0.2873042
20130226_152846_687: -9.883265, -1.541866, -2.6719291
20130226_152846_840: -11.21444, -0.24899697, 0.30645782
20130226_152846_991: -7.690176, -1.3215994, -1.8195933
20130226_152847_140: -11.003751, -0.20111294, -0.37349546
20130226_152847_291: -10.237606, 0.009576807, -0.7182605
20130226_152847_441: -8.590396, -0.58418524, -1.2545617
20130226_152847_592: -9.844957, 0.45968673, 0.41180268
20130226_152847_771: -10.381259, 0.35434186, 0.11492168
20130226_152848_202: -9.11712, 1.1875241, 1.0726024
20130226_152848_208: -9.77792, 0.5650316, -0.21068975
20130226_152848_211: -10.773908, 0.6512229, 0.4213795
20130226_152848_347: -11.061212, 0.24899697, 0.12449849
20130226_152848_499: -10.582372, -0.79487497, -2.2218192
20130226_152848_824: -10.352529, -0.6703765, -1.934515
20130226_152848_856: -10.160992, -0.62249243, -2.528277
20130226_152848_978: -9.279925, -0.63206923, -2.6048915
20130226_152849_128: -8.810662, 0.30645782, -0.91937345
20130226_152849_287: -9.509769, 0.7661445, 0.15322891
20130226_152849_456: -10.266336, -1.1013328, -3.0933087
20130226_152849_635: -9.107543, 0.2873042, -0.7565677
20130226_152849_759: -9.615114, 0.32561144, -0.5650316
20130226_152849_907: -9.950302, -0.2777274, -0.61291564
20130226_152850_564: -9.998186, -0.17238252, -0.29688102
20130226_152850_572: -9.32781, 0.1436521, -1.0151415
20130226_152850_578: -9.414001, -0.1436521, -1.0247183
20130226_152850_595: -9.969456, -0.4309563, -0.41180268
20130226_152850_677: -9.730036, -0.58418524, -0.46926352
20130226_152850_829: -9.490616, -0.21068975, -0.2681506
20130226_152851_212: -10.065224, 0.038307227, 0.2681506
20130226_152851_233: -9.998186, -1.0151415, -2.585738
20130226_152851_280: -9.126697, 1.1109096, 1.1013328
20130226_152851_431: -10.43872, 0.47884035, -0.41180268
20130226_152851_584: -10.429143, 0.15322891, -0.2873042
20130226_152851_734: -10.869676, -0.009576807, -1.0342951
20130226_152851_887: -10.314221, 0.12449849, -1.4556746
20130226_152852_036: -10.371682, -0.2681506, -1.3120226
20130226_152852_187: -10.160992, 0.12449849, -1.7046716
20130226_152852_338: -10.611102, 0.545878, -2.2984335
20130226_152852_913: -9.481039, 1.2162545, -0.91937345
20130226_152852_921: -9.758766, 0.39264908, -1.9249382
20130226_152852_928: -9.002198, 0.6895301, -2.8060043
20130226_152852_966: -9.279925, 1.0534488, -2.3750482
20130226_152853_120: -9.988609, 0.5650316, -2.6527755
20130226_152853_385: -9.576807, 0.11492168, -3.6583402
20130226_152853_429: -8.475474, 0.19153613, -3.9456444
20130226_152853_586: -10.295067, 0.80445176, -2.1739352
20130226_152853_736: -9.078813, -0.20111294, -2.834735
20130226_152853_874: -10.400413, 0.4309563, 0.2873042
20130226_152854_023: -9.050082, -0.11492168, -2.030283
20130226_152854_173: -9.988609, -0.29688102, -2.480393
20130226_152854_339: -10.869676, -0.31603462, -1.9153614
20130226_152854_501: -10.0269165, -0.641646, -3.620033
20130226_152855_067: -8.762778, 0.5267244, -1.0055647
20130226_152855_076: -9.854534, -0.1436521, -1.8387469
20130226_152855_089: -9.902418, -0.6512229, -1.7812861
20130226_152855_128: -9.461885, 0.16280572, -2.1164744
20130226_152855_280: -9.56723, -0.34476504, -2.1547816
20130226_152855_430: -9.576807, -0.22984336, -2.183512
20130226_152855_587: -9.232041, -0.31603462, -2.777274
20130226_152855_740: -9.586384, -0.24899697, -2.2505496
20130226_152855_888: -9.270349, -0.63206923, -3.5051112
20130226_152856_036: -10.323798, -0.22984336, -2.4612393
20130226_152856_186: -8.552089, 0.038307227, -2.4229321
20130226_152856_340: -9.011775, -0.33518824, -3.514688
20130226_152856_491: -8.6574335, -0.076614454, -2.9975405
20130226_152856_641: -9.270349, 0.10534488, -1.6950948
20130226_152857_233: -9.5385, -0.25857377, -3.3806129
20130226_152857_239: -9.452309, -0.641646, -4.0797195
20130226_152857_247: -8.935161, 0.80445176, -2.873042
20130226_152857_258: -9.385271, -0.61291564, -2.9017725
20130226_152857_404: -9.691729, -0.51714754, -3.5434184
20130226_152857_625: -8.829816, 0.93852705, -1.8962077
20130226_152857_738: -10.170568, -0.81402856, -4.5394063
20130226_152857_897: -10.572795, -0.2777274, -2.6048915
20130226_152858_038: -8.887277, 0.12449849, -2.585738
20130226_152858_195: -8.6574335, -0.33518824, -2.8921957
20130226_152858_347: -9.730036, 0.18195933, -2.873042
20130226_152858_498: -9.14585, 0.095768064, -2.777274
20130226_152858_649: -10.5919485, -0.545878, -2.8060043
20130226_152859_212: -9.308656, -0.45010993, -3.0454245
20130226_152859_218: -9.279925, -0.06703765, -2.9975405
20130226_152859_227: -9.165004, 0.48841715, -2.27928
20130226_152859_304: -10.208876, -0.17238252, -2.384625
20130226_152859_459: -9.136273, 0.35434186, -2.327164
20130226_152859_842: -9.203311, 0.92895025, -2.1930888
20130226_152859_878: -9.624691, 0.92895025, -2.5953147
20130226_152859_987: -10.553641, -0.08619126, -2.5091233
20130226_152900_111: -9.710882, 0.7374141, -2.1164744
20130226_152900_263: -8.7053175, 0.8523358, -1.8866309
20130226_152900_436: -9.80665, 0.82360536, -0.58418524
20130226_152900_586: -10.247183, 0.25857377, -0.36391866
20130226_152900_741: -9.557653, 1.0151415, -1.0534488
20130226_152901_965: -9.691729, 0.78529817, -1.8579005
20130226_152902_382: -10.0748005, 0.6512229, -1.484405
20130226_152902_392: -10.5919485, -0.047884032, -2.0973208
20130226_152902_398: -9.940725, 1.1587936, -1.4939818
20130226_152902_404: -8.66701, 1.436521, -0.095768064
20130226_152902_412: -9.787497, 0.29688102, -3.4572272
20130226_152902_420: -10.275913, 0.30645782, -1.8483237
20130226_152902_426: -10.218452, 0.545878, -2.6719291
20130226_152902_432: -14.030022, 1.532289, 0.5267244
20130226_152902_435: -8.0445175, 0.49799395, -1.7525556
20130226_152902_451: -8.954314, 1.0151415, -2.5761611
20130226_152902_603: -9.097966, 0.545878, -2.96881
20130226_152902_757: -9.289502, 1.388637, -2.1260512
20130226_152902_909: -9.423578, 1.13964, -2.6527755
20130226_152903_139: -9.078813, 1.3694834, -2.815581
20130226_152903_222: -10.448297, 1.0630256, -2.336741
20130226_152903_386: -10.314221, 1.1109096, -2.4516625
20130226_152903_546: -8.992621, 0.78529817, -2.8060043
20130226_152903_666: -10.266336, 1.2449849, -2.8921957
20130226_152903_817: -9.892841, 0.91937345, -2.585738
20130226_152903_968: -9.059659, 1.340753, -2.72939
20130226_152904_117: -9.768343, 0.80445176, -2.5570073
20130226_152904_305: -9.097966, 1.934515, -3.083732
20130226_152904_795: -9.32781, 1.6184803, -3.3423057
20130226_152904_796: -9.528923, 1.4173675, -2.1930888
20130226_152904_803: -8.801085, 1.5514427, -3.572149
20130226_152904_876: -9.80665, 1.1013328, -2.1164744
20130226_152905_026: -9.643845, 1.6759412, -1.6376339
20130226_152905_180: -9.097966, 1.388637, -2.0111294
20130226_152905_337: -9.797073, 1.4460979, -1.5227122
20130226_152905_487: -10.649409, 1.9057846, -1.1587936
20130226_152905_632: -9.911995, 1.6567876, -1.7238252
20130226_152905_783: -10.218452, 1.5801731, -1.982399
20130226_152905_932: -8.619126, 1.2066777, -1.7238252
20130226_152906_082: -8.39886, 1.283292, -2.1547816
20130226_152906_233: -7.3166804, 0.38307226, -1.8291701
20130226_152906_383: -11.722012, 2.0207062, -0.80445176
20130226_152906_919: -9.414001, 1.6089035, -2.6623523
20130226_152906_925: -9.5385, 2.3750482, -2.0590134
20130226_152906_933: -10.400413, 1.8770541, -1.4652514
20130226_152906_991: -10.266336, 2.2601264, 0.18195933
20130226_152907_146: -9.3182335, 1.4460979, -2.6048915
20130226_152907_302: -10.275913, 1.2641385, -1.6089035
20130226_152907_452: -8.839393, 1.1875241, -1.4269443
20130226_152907_603: -10.840945, 1.1683705, -1.8579005
20130226_152907_755: -10.295067, 0.7469909, -1.484405
20130226_152907_906: -9.279925, 1.8674773, -2.1260512
20130226_152908_088: -10.67814, 0.7757214, -1.9728222
20130226_152908_232: -10.314221, 1.1587936, -2.0590134
20130226_152908_385: -10.036493, 1.388637, -1.8291701
20130226_152908_982: -10.141838, 0.5363012, -2.1643584
20130226_152908_990: -7.872135, 0.22984336, -3.0358477
20130226_152908_997: -10.295067, 0.5746084, -2.4708161
20130226_152909_018: -10.936713, 1.340753, -1.8387469
20130226_152909_174: -13.091495, 0.51714754, -1.0630256
20130226_152909_325: -12.334928, 0.63206923, -1.388637
20130226_152909_692: -7.73806, -0.19153613, -2.8921957
20130226_152909_699: -9.643845, 0.23942018, -2.078167
20130226_152909_781: -6.943185, 0.31603462, -3.169923
20130226_152909_930: -12.679692, 0.62249243, -0.58418524
20130226_152910_081: -9.433155, 0.15322891, -1.541866
20130226_152910_235: -6.4164605, 0.02873042, -2.3750482
20130226_152910_392: -11.386824, 0.7661445, -0.45010993
20130226_152910_562: -10.716447, -0.4213795, -0.9576807
20130226_152910_712: -5.2768207, -0.31603462, -2.566584
20130226_152911_258: -13.072341, 0.59376204, 0.076614454
20130226_152911_267: -7.2209125, 0.32561144, -1.8100165
20130226_152911_271: -9.308656, -0.18195933, -1.1013328
20130226_152911_325: -12.756307, 0.51714754, -0.02873042
20130226_152911_480: -12.133814, 0.8523358, 0.05746084
20130226_152911_631: -11.654974, 1.1971009, -0.6512229
20130226_152911_939: -9.442732, -0.49799395, -1.4077905
20130226_152911_958: -15.016433, 0.8810662, 1.2258313
20130226_152912_108: -6.579266, 0.45010993, -2.183512
20130226_152912_261: -6.4260373, -0.7278373, -2.2984335
20130226_152912_410: -12.248735, 0.45968673, -0.6607997
20130226_152912_561: -8.580819, 0.33518824, -1.2737153
20130226_152912_735: -6.4643445, -0.63206923, -4.1371803
20130226_152912_864: -11.224017, 0.41180268, -0.5363012
20130226_152913_083: -8.628703, -0.6895301, -2.030283
20130226_152913_503: -8.360553, 0.33518824, -2.1739352
20130226_152913_510: -12.459426, 1.3024458, -0.78529817
20130226_152913_517: -13.589489, 0.6799533, -0.20111294
20130226_152913_650: -9.854534, 0.019153614, -1.4939818
20130226_152913_805: -7.144298, 0.7278373, -1.3503298
20130226_152914_152: -8.456321, 0.35434186, -1.3982137
20130226_152914_167: -8.8777, 1.4460979, -1.8291701
20130226_152914_282: -9.14585, 0.6512229, -1.3024458
20130226_152914_432: -10.97502, 0.009576807, -0.41180268
20130226_152914_607: -11.195287, -0.009576807, -0.82360536
20130226_152914_757: -10.936713, 1.0247183, 0.17238252
20130226_152915_682: -8.6095495, 1.1875241, -1.9057846
20130226_152915_700: -10.151415, -0.24899697, -0.80445176
20130226_152915_728: -8.935161, -0.19153613, -1.5610195
20130226_152916_151: -9.059659, -0.11492168, -0.89064306
20130226_152916_168: -9.595961, 0.47884035, -0.4405331
20130226_152916_175: -8.858546, 0.15322891, -1.4077905
20130226_152916_182: -9.394848, 0.30645782, -1.043872
20130226_152916_190: -10.170568, -0.20111294, -1.1300632
20130226_152916_198: -9.433155, 0.11492168, -0.63206923
20130226_152916_328: -9.787497, 0.20111294, -0.46926352
20130226_152916_479: -9.136273, 0.48841715, -0.79487497
20130226_152916_630: -11.511322, 0.34476504, 0.37349546
20130226_152916_780: -8.571242, 0.23942018, -0.019153614
20130226_152917_112: -9.634268, 0.08619126, 1.3599066
20130226_152917_150: -8.887277, 0.31603462, 0.2681506
20130226_152917_235: -9.730036, -0.5650316, -1.3982137
20130226_152917_385: -10.879252, -0.51714754, -0.92895025
20130226_152917_538: -11.520899, 0.6512229, -0.49799395
20130226_152917_698: -10.477027, -0.641646, -1.0726024
20130226_152917_842: -9.097966, 1.484405, 1.2354081
20130226_152917_994: -10.850522, 0.019153614, -0.05746084
20130226_152918_144: -8.839393, 1.6567876, 1.8387469
20130226_152918_687: -10.611102, 1.1109096, 0.32561144
20130226_152918_697: -10.199299, 1.0821792, 1.2449849
20130226_152918_706: -10.036493, 0.92895025, 0.8810662
20130226_152918_746: -10.0269165, 1.340753, 0.6895301
20130226_152918_898: -9.653421, -0.4213795, -0.29688102
20130226_152919_049: -9.557653, 1.3790601, 0.7469909
20130226_152919_294: -10.955867, 0.93852705, 0.60333884
20130226_152919_351: -10.0269165, 0.94810385, 1.340753
20130226_152919_504: -9.203311, 1.0247183, -0.1340753
20130226_152919_653: -9.950302, 1.9057846, -0.10534488
20130226_152919_803: -9.701305, 1.3311762, 0.5554548
20130226_152919_961: -9.921572, 1.3503298, 0.7661445
20130226_152920_134: -9.911995, 0.5650316, 1.0726024
20130226_152920_300: -9.902418, 0.62249243, 0.6895301
20130226_152920_451: -9.662998, 1.1013328, 0.6607997
20130226_152920_954: -10.093954, 0.1436521, 0.78529817
20130226_152920_961: -10.371682, 0.5746084, 0.4309563
20130226_152920_962: -9.375694, 1.340753, -1.0342951
20130226_152921_086: -9.375694, 1.1587936, -1.3215994
20130226_152921_238: -9.548077, 0.40222588, -1.292869
20130226_152921_523: -8.90643, 1.1587936, -1.388637
20130226_152921_559: -9.768343, 1.7142484, -0.8810662
20130226_152921_692: -9.337387, 0.79487497, -0.7661445
20130226_152921_844: -9.078813, 1.091756, -1.2258313
20130226_152921_995: -9.854534, 0.6512229, -0.9864111
20130226_152922_144: -9.672575, 0.5554548, -1.4460979
20130226_152922_295: -9.758766, 0.7565677, -1.7908629
20130226_152922_447: -9.691729, 0.62249243, -2.2888567
20130226_152922_596: -9.5385, 0.8619126, -2.2026656
20130226_152923_135: -9.56723, 0.90979666, -3.1028855
20130226_152923_142: -9.758766, 0.5267244, -2.9783869
20130226_152923_143: -9.749189, 1.3982137, -3.0071173
20130226_152923_207: -9.557653, 1.6567876, -2.9496565
20130226_152923_359: -9.605537, 0.78529817, -3.3997664
20130226_152923_511: -9.232041, 0.7182605, -2.566584
20130226_152923_776: -9.279925, 2.4516625, -2.5953147
20130226_152923_815: -9.346964, 1.8100165, -3.7541082
20130226_152923_985: -9.126697, 2.078167, -2.5761611
20130226_152924_117: -9.050082, 3.169923, -2.633622
20130226_152924_272: -9.260772, 3.217807, -2.2984335
20130226_152924_422: -8.973468, 2.9017725, -0.6799533
20130226_152924_575: -9.11712, 2.4420857, -3.122039
20130226_152924_750: -9.423578, 3.3135753, -0.9672575
20130226_152924_934: -8.408437, 3.8019924, -1.0821792
20130226_152925_660: -9.988609, 2.5570073, -2.5761611
20130226_152925_702: -8.714894, 3.2561142, -1.6663644
20130226_152925_705: -8.839393, 2.8634653, -2.5474305
20130226_152925_730: -9.232041, 4.2999864, -1.3503298
20130226_152925_753: -10.084377, 3.1986535, -2.5474305
20130226_152925_864: -9.490616, 2.825158, -3.3423057
20130226_152926_137: -9.576807, 2.566584, -3.122039
20130226_152926_171: -8.197746, 2.4420857, -4.357447
20130226_152926_320: -9.797073, 3.6296098, -3.3997664
20130226_152926_471: -8.686164, 2.0015526, -3.763685
20130226_152926_621: -10.5440645, 1.0342951, -3.074155
20130226_152926_795: -10.773908, 1.5035586, -3.1986535
20130226_152926_949: -11.195287, 1.0726024, -1.9728222
20130226_152927_103: -7.2592196, 0.047884032, -4.4436383
20130226_152927_251: -11.003751, 0.45010993, -2.3654714
20130226_152927_700: -7.9870567, -0.095768064, -4.903325
20130226_152927_712: -9.241618, -0.7565677, -2.3750482
20130226_152927_720: -10.898406, -0.8714894, -2.1164744
20130226_152927_872: -9.931149, 0.5267244, -0.4405331
20130226_152928_033: -9.672575, -0.2873042, -1.1109096
20130226_152928_254: -10.879252, 1.5801731, -1.6472107
20130226_152928_335: -12.842498, 0.50757074, -1.4173675
20130226_152928_485: -11.195287, -0.06703765, -3.41892
20130226_152928_640: -8.90643, 0.81402856, -0.63206923
20130226_152928_791: -9.14585, -0.23942018, -1.292869
20130226_152928_941: -9.672575, -0.89064306, -3.0358477
20130226_152929_092: -9.232041, 0.23942018, -2.3463178
20130226_152929_241: -8.973468, -0.7374141, -4.548983
20130226_152929_392: -9.385271, -0.047884032, -4.012682
20130226_152929_845: -9.021352, -0.45010993, -3.4763808
20130226_152929_854: -9.825804, 0.33518824, -2.4229321
20130226_152929_872: -10.429143, -0.48841715, -2.5761611
20130226_152930_025: -10.955867, 0.17238252, -2.1930888
20130226_152930_187: -8.446744, 0.12449849, -2.2122424
20130226_152930_341: -7.2113357, 0.41180268, -2.6240451
20130226_152930_644: -9.730036, -0.32561144, -1.5897499
20130226_152930_659: -13.129802, 1.4077905, -0.5363012
20130226_152930_796: -11.597513, 1.3120226, 0.8331822
20130226_152930_956: -8.39886, -0.17238252, -2.4612393
20130226_152931_106: -6.5696893, 0.009576807, -1.8195933
20130226_152931_279: -8.130709, 0.32561144, -0.60333884
20130226_152931_898: -10.907983, 0.63206923, 0.48841715
20130226_152931_905: -13.187263, 0.842759, 0.7565677
20130226_152931_912: -6.5122285, 0.2777274, -2.030283
20130226_152931_919: -10.505757, 1.1587936, -0.7182605
20130226_152932_040: -7.824251, 0.45968673, -0.842759
20130226_152932_192: -9.356541, 0.40222588, -1.1875241
20130226_152932_346: -8.992621, 1.0821792, -1.1875241
20130226_152932_497: -10.764331, 0.81402856, 1.3790601
20130226_152932_717: -9.768343, 1.0534488, 0.78529817
20130226_152932_799: -9.423578, 1.3599066, 0.22026655
20130226_152932_949: -8.743625, 0.41180268, 1.3790601
20130226_152933_103: -9.854534, 1.3024458, 2.8921957
20130226_152933_276: -10.419566, 0.8714894, -0.16280572
20130226_152933_428: -7.8625584, 0.60333884, 0.40222588
20130226_152933_577: -7.374141, 2.384625, 1.2258313
20130226_152933_727: -7.795521, -0.11492168, -0.17238252
20130226_152934_276: -8.599973, 0.62249243, -0.5746084
20130226_152934_283: -9.078813, 1.6759412, 2.4995465
20130226_152934_286: -9.097966, 0.8619126, 0.29688102
20130226_152934_338: -10.515334, 1.1875241, 2.9400797
20130226_152934_490: -9.672575, 0.81402856, 2.882619
20130226_152934_641: -10.01734, 1.0534488, 2.8921957
20130226_152934_823: -11.176133, 0.39264908, 0.90979666
20130226_152934_943: -9.509769, 1.4077905, 4.0414124
20130226_152935_095: -10.601525, -0.02873042, 1.7812861
20130226_152935_272: -10.965444, 0.10534488, 2.9400797
20130226_152935_703: -9.950302, 0.6895301, 1.9728222
20130226_152935_713: -9.758766, 0.076614454, 0.9864111
20130226_152935_724: -10.1226845, 0.6512229, -0.11492168
20130226_152935_881: -9.615114, 0.4405331, -0.6703765
20130226_152936_429: -9.835381, -0.11492168, -0.31603462
20130226_152936_451: -9.80665, 0.076614454, -0.90021986
20130226_152936_453: -9.615114, -0.6512229, -2.1930888
20130226_152936_520: -8.504205, 0.9768343, -1.685518
20130226_152936_672: -9.701305, -0.05746084, -3.4572272
20130226_152936_823: -9.490616, 0.15322891, -3.4955344
20130226_152937_000: -9.002198, -0.21068975, -4.2521024
20130226_152937_280: -9.883265, 0.33518824, -2.9592333
20130226_152937_312: -9.56723, 1.532289, -3.122039
20130226_152937_463: -9.739613, 0.50757074, -3.2273839
20130226_152937_613: -9.998186, 1.0726024, -3.0933087
20130226_152937_789: -6.9623384, 0.8810662, -4.759673
20130226_152937_944: -11.453861, 1.5705963, -2.6240451
20130226_152938_095: -8.916007, 0.6703765, -3.763685
20130226_152938_244: -10.304645, 1.9728222, -3.265691
20130226_152938_396: -12.966996, 2.0207062, -1.3503298
20130226_152938_924: -6.6750345, 0.8331822, -4.4244847
20130226_152938_931: -6.3781533, 0.50757074, -3.3806129
20130226_152938_932: -6.847417, 0.22984336, -2.0015526
20130226_152939_001: -7.728483, 0.2681506, -1.9153614
20130226_152939_156: -9.576807, 0.8810662, -0.9768343
20130226_152939_536: -9.069236, 0.5554548, -2.9496565
20130226_152939_575: -9.634268, 0.4405331, 0.63206923
20130226_152939_636: -9.040505, 0.6991069, -3.3423057
20130226_152939_789: -9.461885, 0.5650316, -2.6144683
20130226_152939_938: -7.2304893, 0.2681506, -3.5338416
20130226_152940_088: -10.984597, 0.6512229, -1.8962077
20130226_152940_240: -12.756307, 1.0726024, -2.5091233
20130226_152940_390: -5.6120086, 0.009576807, -4.5202527
20130226_152940_843: -6.483498, -0.19153613, -4.3287168
20130226_152941_342: -10.94629, 0.17238252, -2.566584
20130226_152941_352: -7.6135616, -0.22984336, -3.2848446
20130226_152941_358: -11.281479, 0.40222588, -2.1164744
20130226_152941_365: -7.2304893, -0.05746084, -4.2425256
20130226_152941_373: -9.14585, 0.7374141, -3.4859576
20130226_152941_471: -12.5743475, 1.7238252, -0.81402856
20130226_152941_627: -5.401319, -0.2681506, -3.2752678
20130226_152941_780: -7.9583263, -0.34476504, -1.2066777
20130226_152941_929: -12.497733, 0.50757074, 0.6895301
20130226_152942_116: -8.197746, -0.641646, -1.1587936
20130226_152942_232: -6.1770406, 0.31603462, -2.2026656
20130226_152942_382: -6.196194, -0.11492168, -1.8291701
20130226_152942_537: -11.405977, 0.7661445, -0.37349546
20130226_152942_686: -9.260772, 0.02873042, -0.91937345
20130226_152942_838: -9.682152, 0.34476504, -1.6089035
20130226_152942_989: -8.255207, 0.1340753, -2.4133554
20130226_152943_162: -8.676587, 0.34476504, -2.336741
20130226_152943_741: -11.291056, 0.59376204, -1.6950948
20130226_152943_751: -7.7572136, 0.1340753, -3.0071173
20130226_152943_755: -6.742072, 0.076614454, -3.323152
20130226_152943_779: -6.4164605, 0.45010993, -3.2082303
20130226_152943_951: -9.710882, 1.1587936, -1.8387469
20130226_152944_101: -8.829816, 1.8100165, -2.777274
20130226_152944_399: -13.378799, 2.0494366, -0.47884035
20130226_152944_409: -11.425131, 2.2218192, -0.842759
20130226_152944_555: -11.281479, 2.1452048, -0.7374141
20130226_152944_706: -13.22557, 2.1739352, -0.22026655
20130226_152944_886: -11.492168, 2.681506, -0.31603462
20130226_152945_033: -5.583278, 1.9728222, -3.0071173
20130226_152945_183: -12.641385, 2.1164744, -0.45010993
20130226_152945_334: -5.209783, 1.4652514, -2.8060043
20130226_152945_771: -13.350069, 2.2505496, 0.40222588
20130226_152946_174: -9.595961, 2.078167, -1.5131354
20130226_152946_180: -6.7708025, 1.3311762, -2.681506
20130226_152946_186: -7.029376, 1.1683705, -1.8674773
20130226_152946_187: -7.5561004, 1.6472107, -2.0590134
20130226_152946_246: -10.448297, 2.825158, -0.40222588
20130226_152946_399: -9.308656, 2.078167, -1.3694834
20130226_152946_551: -7.249643, 1.8483237, -1.8387469
20130226_152946_849: -7.029376, 1.4748282, -2.777274
20130226_152946_888: -9.107543, 1.6472107, -1.6759412
20130226_152947_006: -12.124237, 2.1547816, 0.11492168
20130226_152947_157: -8.542512, 1.733402, -2.1643584
20130226_152947_307: -8.714894, 1.6663644, -1.3503298
20130226_152947_458: -11.434708, 2.1260512, -0.51714754
20130226_152947_636: -9.691729, 1.8195933, -1.8770541
20130226_152947_788: -8.475474, 0.8810662, -1.8387469
20130226_152947_998: -9.864111, 1.2162545, -1.541866
20130226_152948_364: -11.798626, 0.7565677, -0.6895301
20130226_152948_372: -12.756307, 1.2545617, -0.48841715
20130226_152948_440: -11.568783, 1.5610195, -0.2873042
20130226_152948_595: -10.936713, 2.7485435, -0.5554548
20130226_152948_751: -9.615114, 0.94810385, -1.5514427
20130226_152948_994: -9.404425, -0.30645782, -1.5131354
20130226_152949_055: -8.686164, -0.46926352, -2.8060043
20130226_152949_228: -9.56723, 0.37349546, -1.4460979
20130226_152949_379: -11.63582, 0.29688102, -0.1340753
20130226_152949_530: -10.965444, 0.79487497, -0.4309563
20130226_152949_679: -6.9719152, -0.80445176, -2.6144683
20130226_152949_835: -13.790602, 0.9576807, 0.2777274
20130226_152949_984: -11.626244, 1.340753, -1.3311762
20130226_152950_662: -14.269443, 0.79487497, 1.2545617
20130226_152950_684: -13.455414, -0.10534488, 1.7046716
20130226_152950_702: -11.310209, 0.7278373, -0.02873042
20130226_152950_719: -6.579266, -0.1340753, -1.541866
20130226_152950_767: -6.5601125, -0.34476504, -2.1739352
20130226_152950_926: -4.673482, 0.038307227, -2.834735
20130226_152951_298: -7.776367, -0.8810662, -0.93852705
20130226_152951_322: -10.01734, -0.02873042, -1.0630256
20130226_152951_438: -10.065224, -0.12449849, -1.0726024
20130226_152951_583: -10.084377, -0.34476504, -1.1587936
20130226_152951_734: -10.43872, 0.038307227, -0.30645782
20130226_152951_907: -10.151415, 0.19153613, -0.9959879
20130226_152952_059: -9.375694, 0.37349546, -1.4173675
20130226_152952_235: -9.030929, -0.35434186, -1.8674773
20130226_152952_385: -9.299079, -0.40222588, -1.4556746
20130226_152952_868: -11.329363, 0.1340753, -3.3135753
20130226_152952_875: -9.002198, -0.7757214, -1.0247183
20130226_152952_884: -8.743625, -0.60333884, -1.1971009
20130226_152953_040: -9.394848, 0.8619126, -1.9728222
20130226_152953_192: -9.356541, 0.48841715, -0.7086837
20130226_152953_456: -10.716447, 0.15322891, -0.2873042
20130226_152953_495: -9.289502, -1.292869, -1.0151415
20130226_152953_648: -9.576807, 0.60333884, -0.24899697
20130226_152953_799: -8.896853, -0.5554548, -1.8962077
20130226_152953_974: -10.496181, -0.9768343, 0.038307227
20130226_152954_133: -9.5385, -0.21068975, -1.5227122
20130226_152954_301: -10.955867, -0.038307227, -0.7278373
20130226_152954_454: -10.151415, -0.33518824, -1.5610195
20130226_152954_998: -9.375694, -0.40222588, -0.7374141
20130226_152955_005: -10.505757, -0.59376204, -0.7469909
20130226_152955_014: -9.423578, -0.18195933, -1.340753
20130226_152955_079: -10.515334, 0.58418524, -0.82360536
20130226_152955_232: -9.299079, -0.78529817, -1.3503298
20130226_152955_384: -8.858546, -0.46926352, -0.12449849
20130226_152955_969: -9.56723, 0.30645782, -0.46926352
20130226_152955_987: -10.371682, 0.11492168, -0.62249243
20130226_152955_991: -10.237606, 0.19153613, -0.8714894
20130226_152956_017: -9.528923, -0.05746084, -0.641646
20130226_152956_171: -9.950302, -0.047884032, -0.4405331
20130226_152956_324: -10.534488, 0.37349546, 0.19153613
20130226_152956_498: -9.442732, 0.02873042, -1.0151415
20130226_152956_650: -9.768343, -0.35434186, -0.9576807
20130226_152956_824: -9.768343, 0.06703765, -1.1875241
20130226_152956_977: -9.3182335, 0.7661445, -1.3503298
20130226_152957_470: -8.542512, 0.08619126, 0.22984336
20130226_152957_477: -10.448297, 0.047884032, 0.2681506
20130226_152957_484: -9.787497, 0.89064306, -0.62249243
20130226_152957_632: -9.32781, 0.095768064, -0.076614454
20130226_152957_788: -10.0269165, -0.20111294, -0.06703765
20130226_152958_105: -8.772355, 0.41180268, 0.36391866
20130226_152958_124: -10.955867, 0.61291564, 0.22026655
20130226_152958_287: -9.730036, -1.043872, -1.8483237
20130226_152958_441: -9.557653, 0.2681506, 0.05746084
20130226_152958_592: -7.9583263, 0.94810385, -1.0726024
20130226_152958_742: -9.902418, -0.1436521, -0.5363012
20130226_152958_894: -8.283937, 0.17238252, -0.9672575
20130226_152959_068: -10.658986, 0.6991069, -0.6607997
20130226_152959_220: -9.691729, 0.51714754, 0.08619126
20130226_152959_663: -9.11712, 0.047884032, -0.32561144
20130226_152959_670: -10.132261, 0.842759, 0.02873042
20130226_152959_677: -10.352529, -0.45968673, 0.009576807
20130226_152959_825: -9.32781, -0.2873042, 0.17238252
20130226_152959_980: -9.998186, 0.38307226, 0.34476504
20130226_153000_330: -9.308656, -0.1436521, 0.45968673
20130226_153000_364: -10.409989, -0.22984336, 0.62249243
20130226_153000_455: -9.854534, 1.091756, 0.29688102
20130226_153001_053: -8.90643, 0.019153614, -0.45010993
20130226_153001_063: -10.448297, 0.24899697, 0.20111294
20130226_153001_072: -9.720459, 0.41180268, 0.5267244
20130226_153001_075: -11.022904, 0.35434186, 1.2449849
20130226_153001_214: -9.519346, 0.06703765, -0.18195933
20130226_153001_388: -9.662998, 0.18195933, 0.6895301
20130226_153001_898: -9.902418, 0.6799533, 0.545878
20130226_153001_909: -9.3182335, 1.0342951, 3.1507695
20130226_153001_916: -9.931149, 0.4405331, 0.8619126
20130226_153002_025: -9.548077, 2.336741, -0.047884032
20130226_153002_185: -10.400413, 1.982399, 0.40222588
20130226_153002_350: -11.674128, 2.0685902, 1.1971009
20130226_153002_501: -9.557653, 1.7812861, -0.30645782
20130226_153002_653: -9.825804, 3.466804, -1.4556746
20130226_153002_988: -7.632715, 2.528277, -1.1971009
20130226_153003_024: -8.820239, 2.1260512, -0.32561144
20130226_153003_134: -10.28549, 2.4229321, -0.24899697
20130226_153003_311: -11.319786, 2.5091233, -0.30645782
20130226_153003_484: -9.624691, 1.5514427, -1.2449849
20130226_153003_635: -10.228029, 1.4173675, -0.34476504
20130226_153003_804: -9.442732, 1.6376339, -0.37349546
20130226_153003_986: -9.749189, 0.5746084, -1.4077905
20130226_153004_146: -10.141838, 0.5267244, -0.35434186
20130226_153004_515: -10.007763, 0.2681506, -1.1109096
20130226_153004_516: -9.873688, 0.17238252, -0.9768343
20130226_153004_642: -10.189722, 1.043872, 0.06703765
20130226_153004_793: -9.921572, -0.31603462, -1.3311762
20130226_153005_116: -11.386824, -0.095768064, -0.41180268
20130226_153005_152: -10.984597, -0.7086837, -1.8100165
20130226_153005_245: -8.935161, 0.20111294, -1.8770541
20130226_153005_397: -9.730036, -0.15322891, -1.0726024
20130226_153005_550: -9.385271, 0.12449849, -1.2545617
20130226_153005_952: -9.232041, 0.33518824, -1.6280571
20130226_153005_963: -9.107543, 0.2873042, -1.6089035
20130226_153006_021: -9.576807, 0.51714754, -0.7374141
20130226_153006_161: -9.385271, 0.34476504, -1.6663644
20130226_153006_665: -10.113108, -0.095768064, -1.091756
20130226_153006_672: -9.605537, 0.076614454, -1.7717092
20130226_153006_679: -10.381259, -0.4405331, -1.0342951
20130226_153006_768: -9.165004, -0.02873042, -1.5610195
20130226_153006_919: -10.524911, -0.24899697, -0.90979666
20130226_153007_070: -9.643845, -0.63206923, -1.733402
20130226_153007_248: -9.509769, -0.37349546, -1.8770541
20130226_153007_642: -10.28549, -0.21068975, -1.0151415
20130226_153007_658: -9.165004, -0.48841715, -1.6280571
20130226_153007_726: -9.232041, 0.20111294, -1.1300632
20130226_153007_887: -9.816227, -0.076614454, -0.2777274
20130226_153008_031: -9.969456, 0.1340753, -1.3311762
20130226_153008_181: -9.222465, -0.32561144, -0.6703765
20130226_153008_331: -10.362105, -0.047884032, -0.79487497
20130226_153008_484: -9.078813, -0.45968673, -0.7278373
20130226_153008_634: -9.758766, -0.16280572, -0.78529817
20130226_153008_789: -9.80665, -0.2873042, -1.0151415
20130226_153009_289: -11.003751, -0.12449849, -0.16280572
20130226_153009_296: -9.998186, -0.39264908, -0.23942018
20130226_153009_299: -9.394848, -0.35434186, -0.8523358
20130226_153009_401: -10.084377, -0.35434186, -0.40222588
20130226_153009_554: -10.228029, 0.20111294, -0.16280572
20130226_153009_885: -9.662998, 0.33518824, -0.4405331
20130226_153009_923: -9.193734, -0.009576807, -0.641646
20130226_153010_009: -8.839393, 0.4405331, -0.842759
20130226_153010_158: -9.864111, 0.25857377, -0.8331822
20130226_153010_333: -10.716447, -0.08619126, -0.94810385
20130226_153010_499: -9.643845, -0.32561144, -1.3215994
20130226_153010_795: -10.170568, 0.019153614, -1.0247183
20130226_153010_823: -10.0269165, -0.22984336, -1.3790601
20130226_153010_944: -9.481039, -0.18195933, -1.7908629
20130226_153011_483: -9.998186, -0.8619126, -1.1683705
20130226_153011_491: -9.078813, 0.038307227, -1.5801731
20130226_153011_499: -9.739613, -0.30645782, -0.92895025
20130226_153011_548: -8.6574335, 0.1436521, -1.5227122
20130226_153011_701: -9.32781, -0.009576807, -1.4269443
20130226_153011_853: -7.469909, -0.30645782, -2.0015526
20130226_153012_004: -7.776367, -0.31603462, -1.2258313
20130226_153012_273: -7.4986396, -0.49799395, -1.5035586
20130226_153012_304: -7.97748, 1.0821792, 0.51714754
20130226_153012_457: -10.553641, 0.51714754, 1.0151415
20130226_153012_629: -9.251195, 0.34476504, -0.4405331
20130226_153012_790: -9.461885, -0.21068975, 0.81402856
20130226_153012_935: -9.739613, 0.29688102, 0.12449849
20130226_153013_085: -10.477027, 0.37349546, -0.15322891
20130226_153013_236: -10.390836, -0.36391866, 0.4213795
20130226_153013_426: -9.931149, -0.047884032, -0.15322891
20130226_153013_804: -9.241618, 0.2873042, -0.82360536
20130226_153013_812: -9.911995, 0.047884032, -0.45968673
20130226_153013_892: -10.314221, -0.10534488, -0.24899697
20130226_153014_044: -10.333375, 0.31603462, 0.2681506
20130226_153014_395: -8.7532015, -0.019153614, -0.17238252
20130226_153014_440: -8.973468, -0.16280572, -1.13964
20130226_153014_506: -9.873688, -0.5363012, -0.93852705
20130226_153014_658: -10.965444, 0.29688102, -0.047884032
20130226_153014_807: -10.352529, -0.2777274, -0.38307226
20130226_153014_958: -8.810662, -0.10534488, -0.7757214
20130226_153015_144: -10.007763, -0.46926352, -0.40222588
20130226_153015_287: -10.228029, 0.2873042, 0.22026655
20130226_153015_437: -9.011775, -0.25857377, -0.9864111
20130226_153016_295: -10.7356, -0.10534488, -0.36391866
20130226_153016_301: -9.854534, -0.12449849, -0.30645782
20130226_153016_307: -9.662998, 0.33518824, -0.59376204
20130226_153016_314: -9.768343, -0.62249243, -1.0055647
20130226_153016_322: -9.662998, 0.019153614, 0.02873042
20130226_153016_359: -9.184157, -0.17238252, -0.5363012
20130226_153016_533: -10.333375, -0.40222588, 0.009576807
20130226_153016_686: -9.260772, 0.019153614, -0.59376204
20130226_153016_907: -9.758766, -0.29688102, -0.61291564
20130226_153017_013: -9.672575, 0.16280572, -0.16280572
20130226_153017_164: -9.892841, -0.34476504, -0.61291564
20130226_153017_317: -10.113108, 0.15322891, -0.36391866
20130226_153017_490: -10.084377, 0.12449849, -1.0151415
20130226_153017_643: -9.212888, 0.009576807, -0.21068975
20130226_153017_794: -9.32781, -0.4405331, -0.6799533
20130226_153017_943: -9.662998, 0.076614454, -0.22026655
20130226_153018_424: -9.260772, -0.16280572, -0.45010993
20130226_153018_431: -9.662998, -0.6895301, 0.4213795
20130226_153018_440: -8.724471, -0.36391866, -0.34476504
20130226_153018_547: -11.60709, -0.2873042, 1.484405
20130226_153018_700: -9.241618, 0.047884032, 0.1436521
20130226_153019_087: -8.954314, -0.62249243, -0.60333884
20130226_153019_112: -10.477027, 0.40222588, 0.1436521
20130226_153019_153: -10.323798, 0.22984336, 0.22026655
20130226_153019_303: -9.548077, 0.36391866, -1.1013328
20130226_153019_454: -9.892841, 0.59376204, -0.81402856
20130226_153019_650: -10.793061, 1.1204864, 0.17238252
20130226_153019_783: -9.461885, 0.8714894, -1.0630256
20130226_153019_933: -10.879252, 1.1971009, -0.48841715
20130226_153020_082: -9.634268, 1.6759412, -0.076614454
20130226_153020_234: -10.409989, 1.436521, 0.31603462
20130226_153020_672: -11.224017, 1.1875241, -0.6799533
20130226_153020_963: -11.33894, 0.61291564, -0.22026655
20130226_153020_988: -8.0924015, 1.7908629, -0.7565677
20130226_153021_014: -8.6574335, 1.5993267, -0.47884035
20130226_153021_039: -9.576807, 2.27928, -0.076614454
20130226_153021_157: -8.619126, 2.3654714, 0.21068975
20130226_153021_326: -9.682152, 1.1875241, 0.9768343
20130226_153021_568: -9.825804, 0.7757214, -0.58418524
20130226_153021_637: -9.394848, 0.50757074, -1.091756
20130226_153021_790: -10.429143, 0.62249243, 0.2777274
20130226_153021_939: -9.615114, 0.46926352, -0.06703765
20130226_153022_092: -9.3661175, -0.1436521, -0.6991069
20130226_153022_287: -9.892841, -0.41180268, 0.18195933
20130226_153022_435: -9.605537, -0.34476504, 0.076614454
20130226_153022_588: -10.362105, 0.31603462, -0.37349546
20130226_153023_136: -10.43872, -0.31603462, -0.10534488
20130226_153023_148: -9.232041, -0.08619126, -0.49799395
20130226_153023_159: -9.787497, 0.05746084, -0.50757074
20130226_153023_205: -9.136273, -0.4213795, -0.5554548
20130226_153023_358: -9.165004, -0.48841715, -0.8523358
20130226_153023_509: -10.572795, -0.36391866, -0.23942018
20130226_153023_801: -9.471462, -0.39264908, -0.34476504
20130226_153023_811: -9.921572, -0.63206923, -0.50757074
20130226_153023_985: -9.356541, 0.1436521, 0.2873042
20130226_153024_116: -9.701305, -0.19153613, -0.61291564
20130226_153024_288: -10.113108, -0.31603462, 0.4405331
20130226_153024_441: -9.289502, -0.6991069, 0.15322891
20130226_153024_595: -9.3182335, -0.79487497, -0.45010993
20130226_153024_746: -10.084377, 0.17238252, 0.1436521
20130226_153025_346: -9.854534, 0.18195933, 0.63206923
20130226_153025_356: -9.270349, -0.32561144, -0.12449849
20130226_153025_368: -10.314221, 0.05746084, -0.1436521
20130226_153025_380: -10.5440645, 0.06703765, -0.076614454
20130226_153025_530: -10.237606, 0.81402856, -0.08619126
20130226_153025_942: -9.768343, 0.61291564, 0.076614454
20130226_153025_964: -9.825804, 0.58418524, 0.22026655
20130226_153025_990: -9.222465, 0.37349546, -0.78529817
20130226_153026_327: -9.078813, 0.047884032, -0.7086837
20130226_153026_340: -11.003751, 0.49799395, 0.93852705
20130226_153026_478: -8.714894, 0.59376204, 0.4405331
20130226_153026_629: -8.66701, 0.62249243, 1.0630256
20130226_153026_779: -9.404425, 0.38307226, 1.3790601
20130226_153026_929: -10.716447, -1.2162545, -0.45010993
20130226_153027_080: -9.308656, -0.009576807, 0.1340753
20130226_153027_233: -9.500193, 0.17238252, 0.4309563
20130226_153027_383: -9.404425, 0.45010993, 0.4213795
20130226_153027_849: -10.266336, -0.18195933, 1.0821792
20130226_153027_855: -9.768343, -0.35434186, 0.6991069
20130226_153027_865: -9.452309, -0.7565677, 0.6799533
20130226_153028_012: -10.055647, -0.7086837, 1.1875241
20130226_153028_164: -9.481039, -0.5650316, 1.0055647
20130226_153028_447: -10.381259, 0.36391866, 1.0151415
20130226_153028_487: -10.505757, -0.1436521, 1.6472107
20130226_153028_617: -9.950302, -1.0247183, 1.8579005
20130226_153028_769: -9.14585, 0.7565677, 0.90979666
20130226_153028_920: -10.726024, -0.9576807, 2.3175871
20130226_153029_069: -8.935161, 1.3311762, 0.63206923
20130226_153029_221: -10.764331, -0.91937345, 1.8962077
20130226_153029_403: -8.983045, 0.9768343, 0.7278373
20130226_153029_547: -8.935161, 1.1779473, 0.30645782
20130226_153030_005: -10.984597, -0.842759, 2.3175871
20130226_153030_018: -8.561666, 0.9959879, 0.5554548
20130226_153030_025: -10.275913, -0.5554548, 0.94810385
20130226_153030_176: -10.67814, -0.038307227, 1.9249382
20130226_153030_326: -11.109096, -0.8810662, 0.93852705
20130226_153030_610: -9.346964, 0.49799395, 0.92895025
20130226_153030_632: -9.758766, 0.29688102, 0.4405331
20130226_153031_022: -10.91756, -0.32561144, 2.0973208
20130226_153031_026: -10.649409, -1.292869, 1.4939818
20130226_153031_094: -10.036493, 1.0342951, 0.641646
20130226_153031_243: -10.036493, 0.49799395, 1.8579005
20130226_153031_397: -9.9790325, -0.61291564, 1.1204864
20130226_153031_548: -9.404425, 1.0342951, 0.78529817
20130226_153031_730: -8.90643, 0.93852705, 1.0247183
20130226_153032_199: -10.160992, -0.90021986, 1.3120226
20130226_153032_207: -8.935161, 1.0151415, 0.4213795
20130226_153032_215: -9.634268, 1.7717092, 0.63206923
20130226_153032_331: -8.944737, 1.4077905, 1.4173675
20130226_153032_483: -10.132261, -1.5897499, 2.078167
20130226_153032_634: -10.400413, -1.2641385, 3.323152
20130226_153032_787: -9.461885, 0.7374141, 1.4652514
20130226_153033_029: -9.902418, 0.9672575, 1.4269443
20130226_153033_088: -9.461885, 0.641646, 1.4173675
20130226_153033_240: -9.442732, 0.63206923, 1.8483237
20130226_153033_390: -9.998186, -0.47884035, 2.2026656
20130226_153033_543: -9.356541, 1.0726024, 1.1779473
20130226_153033_694: -9.404425, 1.283292, 1.5035586
20130226_153033_845: -9.299079, 0.842759, 1.7621324
20130226_153033_996: -10.457873, 0.16280572, 1.9057846
20130226_153034_149: -9.050082, 1.0534488, 1.8483237
20130226_153034_703: -9.797073, 0.5650316, 1.685518
20130226_153034_712: -10.821792, -0.6799533, 1.8579005
20130226_153034_713: -9.634268, 1.2449849, 0.33518824
20130226_153034_799: -8.6095495, 1.3599066, -0.30645782
20130226_153034_950: -8.743625, 1.5514427, -0.60333884
20130226_153035_259: -10.658986, -1.0630256, 1.0534488
20130226_153035_282: -9.921572, 0.20111294, 0.48841715
20130226_153035_429: -9.864111, 0.2873042, 0.1340753
20130226_153035_579: -9.988609, -0.18195933, 0.842759
20130226_153036_032: -9.730036, 0.7086837, 0.31603462
20130226_153036_039: -10.534488, -0.40222588, 0.90021986
20130226_153036_063: -9.892841, -0.4309563, 0.94810385
20130226_153036_198: -8.963891, 0.5267244, -1.1971009
20130226_153036_349: -8.781932, 0.21068975, -0.61291564
20130226_153036_840: -9.461885, 0.29688102, -0.6991069
20130226_153036_846: -10.189722, -0.48841715, 0.009576807
20130226_153036_849: -10.0269165, -0.4213795, -0.11492168
20130226_153036_973: -9.720459, 0.17238252, -0.4213795
20130226_153037_129: -9.011775, 0.30645782, -0.92895025
20130226_153037_272: -9.959879, 0.78529817, -0.45010993
20130226_153037_420: -9.768343, -0.4213795, -0.18195933
20130226_153037_767: -9.653421, 0.37349546, -0.45968673
20130226_153037_800: -9.825804, 0.641646, -0.59376204
20130226_153037_892: -9.404425, 0.63206923, -0.7278373
20130226_153038_044: -10.1226845, 0.5746084, -0.4213795
20130226_153038_222: -9.404425, 0.47884035, -0.6991069
20130226_153038_371: -9.519346, -0.17238252, -0.37349546
20130226_153038_522: -8.523358, 0.4213795, -1.1300632
20130226_153038_672: -10.01734, 0.35434186, -0.36391866
20130226_153038_822: -9.174581, 0.5267244, -0.8331822
20130226_153039_338: -10.314221, 0.92895025, -0.076614454
20130226_153039_346: -9.576807, 0.50757074, -0.7086837
20130226_153039_357: -9.5385, 0.30645782, -0.51714754
20130226_153039_449: -9.77792, -0.30645782, -0.31603462
20130226_153039_605: -8.2169, 0.18195933, -1.0151415
20130226_153040_014: -9.959879, -0.6703765, -0.1340753
20130226_153040_049: -10.247183, -0.08619126, 0.019153614
20130226_153040_085: -10.007763, -0.4405331, -0.08619126
20130226_153040_239: -8.810662, -0.1340753, -1.1683705
20130226_153040_388: -10.055647, -0.40222588, -0.10534488
20130226_153040_539: -9.519346, 0.4309563, -0.63206923
20130226_153040_692: -9.902418, -0.05746084, -0.22026655
20130226_153040_844: -9.500193, 0.59376204, -0.59376204
20130226_153041_072: -9.107543, 0.5554548, -0.89064306
20130226_153041_613: -10.228029, -0.1436521, -0.047884032
20130226_153041_623: -9.959879, 0.50757074, -0.50757074
20130226_153041_635: -9.3182335, 0.7182605, -0.6895301
20130226_153041_646: -10.055647, 0.22026655, -0.37349546
20130226_153041_790: -9.490616, 0.4213795, -0.7182605
20130226_153041_941: -9.998186, -0.2681506, -0.21068975
20130226_153042_091: -9.720459, 0.15322891, -0.49799395
20130226_153042_348: -9.768343, -0.50757074, -0.37349546
20130226_153042_392: -9.452309, 0.6799533, -0.48841715
20130226_153042_544: -10.266336, -0.05746084, -0.1340753
20130226_153042_694: -9.509769, 0.46926352, -0.545878
20130226_153042_848: -10.304645, -0.30645782, -0.29688102
20130226_153043_028: -9.385271, 0.7182605, -0.641646
20130226_153043_185: -9.931149, -0.08619126, -0.17238252
20130226_153043_336: -9.615114, 0.61291564, -0.5650316
20130226_153043_506: -9.500193, -0.6512229, -0.29688102
20130226_153043_927: -10.180145, -0.1436521, -0.2873042
20130226_153043_936: -9.969456, -0.60333884, -0.18195933
20130226_153043_955: -9.739613, 0.02873042, -0.5554548
20130226_153044_109: -9.9790325, -0.48841715, -0.038307227
20130226_153044_259: -9.931149, -0.22984336, -0.31603462
20130226_153044_610: -9.988609, -0.5267244, -0.1436521
20130226_153044_651: -9.414001, 0.21068975, -0.63206923
20130226_153044_740: -10.189722, -0.31603462, -0.15322891
20130226_153044_890: -9.3661175, 0.20111294, -0.7278373
20130226_153045_042: -10.524911, -0.009576807, 0.05746084
20130226_153045_193: -9.548077, 0.1436521, -0.6895301
20130226_153045_341: -9.251195, -0.7565677, -0.35434186
20130226_153045_494: -9.835381, -0.02873042, -0.45010993
20130226_153045_646: -9.844957, -0.36391866, -0.17238252
20130226_153046_366: -9.643845, 0.31603462, -0.45010993
20130226_153046_376: -10.266336, -0.29688102, -0.076614454
20130226_153046_383: -10.151415, 0.35434186, -0.22984336
20130226_153046_391: -9.576807, 0.4405331, -0.641646
20130226_153046_416: -9.576807, 0.58418524, -0.6895301
20130226_153046_572: -10.007763, -0.019153614, -0.2873042
20130226_153046_721: -10.132261, -0.33518824, 0.009576807
20130226_153046_993: -10.228029, -0.34476504, 0.06703765
20130226_153047_025: -10.065224, 0.36391866, -0.31603462
20130226_153047_177: -10.25676, -0.047884032, -0.05746084
20130226_153047_325: -9.787497, 0.6991069, -0.46926352
20130226_153047_475: -9.701305, -0.17238252, -0.2681506
20130226_153047_626: -9.337387, 0.6799533, -0.60333884
20130226_153047_782: -10.01734, 0.2681506, -0.41180268
20130226_153047_930: -9.222465, 0.6607997, -0.78529817
20130226_153048_082: -9.56723, 0.39264908, -0.59376204
20130226_153048_582: -10.132261, -0.24899697, -0.23942018
20130226_153048_590: -10.0748005, -0.2777274, -0.08619126
20130226_153048_597: -9.80665, -0.58418524, -0.19153613
20130226_153048_736: -9.509769, 0.45010993, -0.4213795
20130226_153048_889: -10.160992, -0.34476504, -0.1436521
20130226_153049_157: -9.461885, 0.4309563, -0.7757214
20130226_153049_190: -10.007763, -0.35434186, -0.4213795
20130226_153049_343: -9.662998, 0.2873042, -0.45968673
20130226_153049_494: -10.036493, -0.48841715, -0.047884032
20130226_153049_645: -9.710882, -0.05746084, -0.48841715
20130226_153049_793: -10.0748005, -0.2873042, -0.076614454
20130226_153049_943: -9.212888, 0.37349546, -0.7374141
20130226_153050_094: -9.854534, -0.2873042, -0.29688102
20130226_153050_248: -9.241618, 0.2777274, -0.5746084
20130226_153050_775: -9.758766, -0.22026655, -0.17238252
20130226_153051_215: -9.720459, 0.5267244, -0.37349546
20130226_153051_237: -9.816227, -0.50757074, -0.25857377
20130226_153051_256: -9.80665, 0.10534488, -0.5746084
20130226_153051_269: -11.712435, -0.30645782, 0.45010993
20130226_153051_281: -10.228029, 0.29688102, -0.25857377
20130226_153051_335: -9.787497, -0.37349546, -0.22984336
20130226_153051_492: -9.854534, -0.17238252, -0.31603462
20130226_153051_756: -9.854534, -0.5267244, -0.20111294
20130226_153051_792: -9.825804, -0.1340753, -0.39264908
20130226_153051_946: -10.055647, -0.5267244, -0.7278373
20130226_153052_097: -9.931149, -0.1340753, -0.21068975
20130226_153052_246: -9.442732, 0.5267244, -0.6703765
20130226_153052_396: -9.662998, -0.17238252, -0.23942018
20130226_153052_546: -9.203311, 0.5554548, -0.641646
20130226_153052_699: -9.969456, 0.10534488, -0.19153613
20130226_153052_850: -9.232041, 0.58418524, -0.7469909
20130226_153053_339: -9.844957, -0.15322891, -0.47884035
20130226_153053_348: -9.56723, 0.6991069, -0.6991069
20130226_153053_357: -9.940725, -0.16280572, -0.23942018
20130226_153053_481: -10.170568, -0.4405331, -0.076614454
20130226_153053_632: -9.787497, -0.06703765, -0.37349546
20130226_153054_010: -9.701305, -0.63206923, -0.23942018
20130226_153054_046: -9.490616, 0.095768064, -0.4405331
20130226_153054_111: -10.103531, -0.36391866, -0.02873042
20130226_153054_261: -10.28549, 0.6703765, -0.641646
20130226_153054_415: -9.605537, 0.16280572, -0.47884035
20130226_153054_564: -9.528923, 0.32561144, -0.7278373
20130226_153054_714: -10.1226845, -0.22026655, -0.18195933
20130226_153054_867: -9.56723, 0.39264908, -0.6512229
20130226_153055_031: -9.672575, -0.48841715, -0.4309563
20130226_153055_168: -10.199299, -0.23942018, -0.02873042
20130226_153055_596: -10.1226845, -0.4213795, -0.11492168
20130226_153055_602: -8.954314, -0.32561144, -0.90979666
20130226_153055_621: -9.902418, -0.5363012, -0.33518824
20130226_153055_778: -10.113108, -0.49799395, -0.095768064
20130226_153055_925: -10.055647, -0.15322891, -0.23942018
20130226_153056_202: -9.557653, -0.5267244, -0.5363012
20130226_153056_253: -9.423578, 0.47884035, -0.7469909
20130226_153056_403: -9.270349, 0.2777274, -0.7278373
20130226_153056_557: -9.691729, 0.2777274, -0.49799395
20130226_153056_707: -9.615114, 0.59376204, -0.7757214
20130226_153056_859: -9.883265, -0.33518824, -0.31603462
20130226_153057_030: -9.404425, 0.59376204, -0.48841715
20130226_153057_181: -9.720459, 0.36391866, -0.38307226
20130226_153057_332: -9.097966, 0.45010993, -0.7374141
20130226_153057_845: -8.66701, 0.23942018, -0.9959879
20130226_153057_851: -9.758766, 0.46926352, -0.34476504
20130226_153057_852: -10.103531, -0.38307226, -0.10534488
20130226_153057_939: -9.758766, -0.30645782, -0.19153613
20130226_153058_096: -9.959879, -0.48841715, -0.40222588
20130226_153058_406: -9.940725, -0.45968673, -0.545878
20130226_153058_415: -9.739613, 0.009576807, -0.36391866
20130226_153058_550: -9.691729, 0.641646, -0.4213795
20130226_153058_726: -9.279925, 0.4405331, -0.81402856
20130226_153058_875: -9.5385, -0.36391866, -0.49799395
20130226_153059_026: -9.452309, 0.51714754, -0.7469909
20130226_153059_180: -10.113108, -0.1436521, -0.1436521
20130226_153059_337: -10.228029, -0.35434186, 0.22026655
20130226_153059_586: -9.797073, 0.31603462, -0.38307226
20130226_153100_045: -9.442732, 0.5650316, -0.641646
20130226_153100_055: -9.279925, 0.5554548, -0.82360536
20130226_153100_056: -9.959879, -0.095768064, -0.38307226
20130226_153100_139: -10.141838, -0.33518824, 0.05746084
20130226_153100_291: -9.337387, 0.22984336, -0.51714754
20130226_153100_661: -10.266336, -0.38307226, 0.1436521
20130226_153100_698: -9.835381, -0.1340753, -0.08619126
20130226_153100_771: -9.959879, -0.18195933, -0.37349546
20130226_153100_946: -10.01734, -0.22026655, -0.038307227
20130226_153101_266: -9.461885, 0.5267244, -0.7182605
20130226_153101_277: -9.337387, 0.2777274, -0.60333884
20130226_153101_405: -9.32781, 0.62249243, -0.5650316
20130226_153101_559: -9.710882, -0.1340753, -0.40222588
20130226_153101_719: -9.557653, -0.7086837, -0.17238252
20130226_153102_298: -10.0748005, -0.33518824, -0.5363012
20130226_153102_304: -9.931149, -0.5363012, -0.22984336
20130226_153102_312: -9.768343, -0.038307227, -0.35434186
20130226_153102_342: -9.854534, 0.80445176, -0.58418524
20130226_153102_498: -9.816227, -0.047884032, -0.33518824
20130226_153102_671: -10.132261, -0.32561144, -0.076614454
20130226_153102_823: -9.691729, 0.5746084, -0.60333884
20130226_153102_974: -9.720459, -0.1436521, -0.46926352
20130226_153103_244: -9.595961, 0.1436521, -0.7757214
20130226_153103_276: -10.007763, -0.47884035, -0.08619126
20130226_153103_427: -9.825804, -0.32561144, -0.2777274
20130226_153103_578: -10.036493, -0.33518824, -0.076614454
20130226_153103_736: -9.701305, -0.45968673, -0.2777274
20130226_153103_881: -9.80665, -0.35434186, -0.36391866
20130226_153104_032: -9.9790325, -0.4309563, -0.19153613
20130226_153104_181: -9.528923, 0.39264908, -0.59376204
20130226_153104_332: -9.490616, 0.20111294, -0.36391866
20130226_153104_912: -9.385271, 0.48841715, -0.7565677
20130226_153104_919: -10.141838, -0.37349546, -0.08619126
20130226_153104_925: -9.672575, 0.49799395, -0.34476504
20130226_153104_939: -10.553641, -0.45010993, 0.18195933
20130226_153105_093: -9.3661175, -0.32561144, -0.5650316
20130226_153105_276: -9.643845, 0.62249243, -0.33518824
20130226_153105_541: -9.174581, 0.641646, -0.7278373
20130226_153105_581: -9.682152, 0.2777274, -0.4213795
20130226_153105_737: -9.452309, 0.40222588, -0.7278373
20130226_153105_900: -9.433155, 0.46926352, -0.51714754
20130226_153106_290: -9.701305, -0.10534488, -0.4405331
20130226_153106_313: -9.672575, -0.47884035, -0.4405331
20130226_153106_381: -9.471462, -0.30645782, -0.33518824
20130226_153106_532: -10.247183, -0.16280572, 0.21068975
20130226_153106_720: -9.509769, 0.41180268, -0.7565677
20130226_153107_136: -9.998186, 0.25857377, -0.15322891
20130226_153107_148: -9.595961, 0.7086837, -0.8523358
20130226_153107_159: -9.9790325, -0.45968673, 0.08619126
20130226_153107_313: -10.084377, -0.33518824, -0.19153613
20130226_153107_480: -9.481039, -0.29688102, -0.30645782
20130226_153107_616: -9.950302, 0.59376204, -0.6512229
20130226_153107_767: -9.461885, 0.29688102, -0.63206923
20130226_153108_118: -9.576807, 0.39264908, -0.63206923
20130226_153108_140: -9.634268, 0.7182605, -0.5650316
20130226_153108_222: -9.787497, 0.31603462, -0.17238252
20130226_153108_381: -9.548077, 0.61291564, -0.58418524
20130226_153108_536: -9.921572, 0.21068975, -0.33518824
20130226_153108_698: -9.461885, 0.1436521, -0.58418524
20130226_153108_852: -10.084377, -0.545878, -0.05746084
20130226_153109_026: -9.289502, 0.5650316, -0.641646
20130226_153109_177: -9.730036, 0.08619126, -0.5554548
20130226_153109_763: -9.078813, 0.58418524, -0.94810385
20130226_153109_769: -9.528923, 0.009576807, -0.6512229
20130226_153109_779: -10.04607, -0.50757074, -0.038307227
20130226_153109_836: -9.557653, 0.49799395, -0.61291564
20130226_153109_976: -9.643845, 0.4309563, -0.63206923
20130226_153110_319: -10.409989, -0.34476504, 0.24899697
20130226_153110_336: -10.5919485, 0.1340753, 0.20111294
20130226_153110_460: -10.199299, -0.41180268, -0.08619126
20130226_153110_611: -9.758766, -0.06703765, -0.2777274
20130226_153110_790: -10.170568, -0.6512229, -0.32561144
20130226_153110_940: -9.433155, 0.49799395, -0.61291564
20130226_153111_329: -9.414001, 0.5746084, -0.6799533
20130226_153111_356: -9.548077, 0.5746084, -0.63206923
20130226_153111_411: -9.586384, -0.22984336, -0.48841715
20130226_153111_905: -9.749189, -0.58418524, -0.31603462
20130226_153111_911: -9.509769, 0.34476504, -0.46926352
20130226_153111_920: -10.065224, -0.23942018, -0.2681506
20130226_153112_023: -10.01734, 0.6799533, -0.48841715
20130226_153112_177: -9.662998, 0.45010993, -0.45968673
20130226_153112_329: -9.481039, 0.4405331, -0.6607997
20130226_153112_482: -9.299079, 0.61291564, -0.7757214
20130226_153112_801: -10.199299, -0.29688102, -0.18195933
20130226_153112_813: -9.998186, 0.5267244, -0.47884035
20130226_153112_987: -9.739613, 0.10534488, -0.23942018
20130226_153113_138: -9.662998, 0.6895301, -0.6895301
20130226_153113_287: -9.950302, -0.038307227, -0.2873042
20130226_153113_436: -10.132261, -0.45010993, -0.11492168
20130226_153113_589: -9.500193, 0.6895301, -1.0151415
20130226_153113_738: -10.103531, -0.10534488, -0.47884035
20130226_153113_888: -9.797073, 0.4213795, -0.7469909
20130226_153114_346: -10.247183, -0.02873042, -0.92895025
20130226_153114_355: -9.548077, 0.6799533, -1.1204864
20130226_153114_356: -9.77792, -0.4405331, -1.4748282
20130226_153114_494: -9.414001, 1.0151415, -2.0590134
20130226_153114_649: -10.25676, -0.7469909, -3.2273839
20130226_153114_959: -9.241618, 0.45968673, -2.1452048
20130226_153114_970: -8.810662, -0.31603462, -3.1124623
20130226_153115_110: -10.745177, 0.12449849, -2.5187001
20130226_153115_276: -9.078813, -0.17238252, -3.5817258
20130226_153115_426: -9.193734, -0.25857377, -3.3518825
20130226_153115_577: -9.11712, -0.31603462, -4.654328
20130226_153115_739: -8.944737, -0.2681506, -4.5681367
20130226_153115_881: -8.360553, 0.50757074, -1.0821792
20130226_153116_362: -10.132261, -0.05746084, -2.9113493
20130226_153116_768: -9.174581, 0.4213795, -1.7717092
20130226_153116_774: -9.844957, 0.32561144, -2.585738
20130226_153116_780: -8.925584, -0.4405331, -4.501099
20130226_153116_786: -9.3661175, -0.11492168, -3.8307228
20130226_153116_816: -8.743625, 0.45968673, -4.280833
20130226_153116_968: -9.490616, -0.18195933, -2.9113493
20130226_153117_119: -11.348516, 0.18195933, -2.9400797
20130226_153117_271: -7.690176, -0.18195933, -4.050989
20130226_153117_576: -10.1226845, -0.10534488, -3.1507695
20130226_153117_602: -9.662998, 0.61291564, -1.3694834
20130226_153117_728: -8.255207, -0.34476504, -1.2066777
20130226_153117_903: -11.15698, 0.63206923, -0.51714754
20130226_153118_057: -5.9184666, -0.15322891, -2.633622
20130226_153118_203: -11.559206, 0.7565677, -1.6184803
20130226_153118_353: -10.141838, 0.20111294, -1.6472107
20130226_153118_503: -10.323798, 0.36391866, -0.6607997
20130226_153118_656: -9.720459, 0.29688102, -3.2465374
20130226_153119_203: -9.385271, -0.17238252, -2.9017725
20130226_153119_214: -8.963891, 0.2681506, -4.2521024
20130226_153119_215: -10.208876, -0.22026655, -3.6774938
20130226_153119_267: -8.590396, -0.038307227, -4.357447
20130226_153119_422: -8.379706, -0.25857377, -3.3901896
20130226_153119_747: -10.515334, -0.7469909, -3.6296098
20130226_153119_758: -7.5944076, -0.41180268, -4.7022123
20130226_153119_886: -8.676587, -0.545878, -3.8115692
20130226_153120_054: -9.825804, -0.038307227, -3.1507695
20130226_153120_201: -12.105083, 0.7469909, -1.9632454
20130226_153120_354: -6.540959, -0.45010993, -4.309563
20130226_153120_506: -12.095507, -0.15322891, -2.5761611
20130226_153120_657: -9.720459, 0.22984336, -2.9783869
20130226_153120_804: -8.552089, -0.9959879, -4.098873
20130226_153121_676: -9.299079, -0.62249243, -3.4380736
20130226_153121_677: -8.025364, -0.78529817, -3.9552212
20130226_153121_686: -7.728483, -1.1779473, -3.6296098
20130226_153121_693: -8.647857, -0.076614454, -3.3518825
20130226_153121_699: -11.9614315, 0.05746084, -0.9768343
20130226_153121_726: -10.726024, 0.7661445, -0.34476504
20130226_153121_878: -13.330915, 2.078167, 2.7485435
20130226_153122_029: -9.212888, -0.90979666, -1.2641385
20130226_153122_276: -7.019799, 0.45010993, -2.3175871
20130226_153122_332: -9.040505, -0.2777274, -1.13964
20130226_153122_486: -7.5848308, -0.16280572, -1.8770541
20130226_153122_637: -9.9790325, -0.29688102, -2.681506
20130226_153122_788: -9.375694, -0.51714754, -0.37349546
20130226_153122_962: -9.586384, 0.10534488, -1.1779473
20130226_153123_116: -9.078813, -0.8619126, -3.3135753
20130226_153123_266: -10.113108, -0.047884032, -2.7389667
20130226_153123_440: -8.829816, -0.61291564, -2.815581
20130226_153123_838: -10.065224, -0.6703765, -2.2697031
20130226_153123_845: -9.758766, 0.17238252, -2.4995465
20130226_153123_891: -10.04607, -0.24899697, -1.9249382
20130226_153124_044: -8.312668, -0.7469909, -2.8060043
20130226_153124_197: -9.308656, 0.32561144, -1.8100165
20130226_153124_436: -9.988609, -1.0726024, -1.9057846
20130226_153124_525: -9.77792, -0.94810385, -2.030283
20130226_153124_680: -11.57836, -0.06703765, -1.8674773
20130226_153124_826: -8.149862, -0.47884035, -2.3175871
20130226_153124_976: -9.739613, -0.6703765, -1.4748282
20130226_153125_126: -10.46745, -0.18195933, -0.7278373
20130226_153125_277: -7.680599, -0.12449849, -1.7429788
20130226_153125_428: -12.248735, 0.50757074, -0.30645782
20130226_153125_578: -8.6574335, 0.009576807, -1.2737153
20130226_153126_370: -10.745177, -0.02873042, -0.47884035
20130226_153126_394: -8.00621, 0.1340753, -0.90979666
20130226_153126_412: -8.389283, 0.12449849, -1.4460979
20130226_153126_428: -10.132261, 0.019153614, -0.38307226
20130226_153126_444: -9.835381, -0.095768064, -1.2641385
20130226_153126_520: -10.065224, 0.21068975, -0.7278373
20130226_153126_671: -10.726024, -1.3982137, -1.091756
20130226_153126_902: -8.00621, 0.009576807, -0.81402856
20130226_153126_974: -10.28549, -2.0398598, 0.46926352
20130226_153127_138: -10.860099, -0.4213795, -0.6991069
20130226_153127_304: -9.155427, 0.2777274, -2.2409728
20130226_153127_452: -8.264784, 0.22984336, 0.17238252
20130226_153127_627: -9.682152, -0.94810385, -1.982399
20130226_153127_780: -10.362105, -1.2354081, -0.92895025
20130226_153127_928: -9.959879, -0.4213795, -1.1779473
20130226_153128_426: -10.314221, -0.60333884, -1.0630256
20130226_153128_437: -8.6574335, -0.48841715, -2.030283
20130226_153128_443: -9.9790325, -0.7182605, -1.3024458
20130226_153128_533: -9.998186, -0.7278373, -1.8195933
20130226_153128_686: -9.605537, -2.27928, -1.8674773
20130226_153129_045: -9.203311, -2.0111294, -1.3982137
20130226_153129_059: -9.107543, -2.1068976, -1.5801731
20130226_153129_147: -9.950302, -0.46926352, -0.6799533
20130226_153129_327: -8.992621, -1.1109096, -1.9153614
20130226_153129_485: -9.950302, -1.0534488, -0.7661445
20130226_153129_626: -9.3661175, -1.7142484, -1.4173675
20130226_153129_772: -10.46745, -1.2354081, -0.5746084
20130226_153129_923: -10.783484, -1.6759412, -1.0534488
20130226_153130_074: -10.572795, -1.1204864, -0.7757214
20130226_153130_607: -8.896853, -1.8674773, -1.8004397
20130226_153130_615: -9.844957, -1.7525556, -0.7086837
20130226_153130_617: -8.7532015, -2.1643584, -1.6663644
20130226_153130_678: -8.743625, -1.8291701, -1.7046716
20130226_153130_852: -7.680599, -1.8579005, -1.7142484
20130226_153131_010: -8.973468, -2.0015526, -2.087744
20130226_153131_309: -7.728483, -2.0494366, -1.6663644
20130226_153131_333: -9.260772, -0.7565677, -2.2888567
20130226_153131_496: -10.113108, -1.3790601, -2.3558946
20130226_153131_651: -8.90643, -1.1300632, -1.9728222
20130226_153131_803: -10.275913, -0.90021986, -1.685518
20130226_153131_977: -9.902418, -2.078167, -1.5705963
20130226_153132_128: -10.658986, -1.7238252, -1.6089035
20130226_153132_279: -8.322245, -1.043872, -1.7717092
20130226_153132_431: -10.553641, -2.2601264, -0.9768343
20130226_153132_965: -10.6398325, -1.8866309, -2.0111294
20130226_153132_967: -10.170568, -3.122039, -1.9440918
20130226_153132_973: -9.710882, -1.9249382, -1.8770541
20130226_153133_032: -10.658986, -2.1930888, -1.6950948
20130226_153133_186: -10.180145, -2.183512, -1.8291701
20130226_153133_535: -7.7572136, -1.9536686, -3.2465374
20130226_153133_566: -8.63828, -2.1739352, -2.777274
20130226_153133_663: -8.513782, -2.5187001, -2.815581
20130226_153133_835: -11.722012, -1.6759412, -1.4460979
20130226_153133_967: -12.593501, -0.63206923, -1.2162545
20130226_153134_121: -7.1634517, -0.91937345, -3.0071173
20130226_153134_272: -13.474567, 0.6607997, -0.35434186
20130226_153134_424: -6.9144545, -0.93852705, -3.6966474
20130226_153134_573: -13.694834, -0.45968673, -0.22026655
20130226_153135_245: -7.5561004, -1.4939818, -3.217807
20130226_153135_246: -8.350976, -0.5554548, -2.7868507
20130226_153135_252: -11.310209, -0.19153613, -1.1683705
20130226_153135_259: -13.129802, -0.36391866, -0.11492168
20130226_153135_331: -12.564771, -0.24899697, -1.0821792
20130226_153135_482: -12.344504, 1.0151415, -1.3024458
20130226_153135_749: -13.168109, 0.9864111, -0.7565677
20130226_153135_787: -11.798626, 0.842759, -1.1204864
20130226_153135_938: -8.935161, -0.18195933, -2.4229321
20130226_153136_088: -8.0445175, -0.60333884, -2.8921957
20130226_153136_237: -11.884817, 0.02873042, -1.6759412
20130226_153136_389: -6.6175733, -0.5554548, -4.3766007
20130226_153136_780: -11.779472, -0.7278373, -0.89064306
20130226_153136_802: -8.111555, -0.81402856, -1.7621324
20130226_153136_846: -11.099519, -0.21068975, -1.0726024
20130226_153137_553: -9.270349, -0.49799395, -1.3599066
20130226_153137_570: -6.291962, -0.80445176, -3.0071173
20130226_153137_601: -12.593501, 0.49799395, 0.38307226
20130226_153137_603: -10.170568, 0.5363012, -0.90979666
20130226_153137_619: -6.3781533, -0.19153613, -2.5570073
20130226_153137_774: -5.9759274, -0.40222588, -2.825158
20130226_153137_926: -7.038953, -1.0821792, -2.2697031
20130226_153138_083: -5.209783, -0.24899697, -2.633622
20130226_153138_473: -6.5122285, -0.32561144, -2.1068976
20130226_153138_510: -11.999739, 0.6703765, -0.6607997
20130226_153138_554: -13.685257, 1.340753, 1.1971009
20130226_153138_704: -10.371682, -1.3790601, 0.2681506
20130226_153138_856: -5.813122, -0.1436521, -3.2273839
20130226_153139_011: -7.747637, -0.23942018, -2.4133554
20130226_153139_170: -9.739613, 0.4213795, -1.6280571
20130226_153139_339: -10.151415, 1.1300632, -1.8483237
20130226_153139_488: -10.965444, 1.3790601, -1.8483237
20130226_153139_960: -7.517793, -0.41180268, -3.3135753
20130226_153139_967: -6.751649, -0.12449849, -2.9975405
20130226_153139_973: -12.018892, 0.8331822, -1.1204864
20130226_153140_121: -6.6654577, -0.009576807, -2.27928
20130226_153140_295: -12.334928, 0.7374141, -0.62249243
20130226_153140_633: -7.97748, 0.12449849, -2.6431987
20130226_153140_652: -11.21444, 0.39264908, -0.32561144
20130226_153140_750: -10.189722, 0.2777274, -0.82360536
20130226_153140_902: -7.374141, 0.18195933, -2.183512
20130226_153141_053: -10.649409, 0.79487497, -0.545878
20130226_153141_203: -10.697293, 0.5554548, -1.2258313
20130226_153141_357: -7.1634517, -0.1436521, -2.2122424
20130226_153141_505: -8.111555, -0.51714754, -2.135628
20130226_153141_658: -10.189722, 0.16280572, -0.41180268
20130226_153142_227: -10.208876, 0.30645782, 0.095768064
20130226_153142_235: -5.631162, 0.17238252, -2.1930888
20130226_153142_236: -5.2480903, -0.4405331, -2.1164744
20130226_153142_322: -11.300632, 0.7757214, -0.25857377
20130226_153142_467: -9.528923, -0.36391866, -0.842759
20130226_153142_619: -8.379706, -0.5363012, 0.7469909
20130226_153142_901: -9.959879, 0.4309563, -0.8619126
20130226_153142_971: -9.069236, 0.19153613, -0.31603462
20130226_153143_121: -9.739613, 0.25857377, -0.8619126
20130226_153143_272: -10.649409, -0.25857377, -0.80445176
20130226_153143_444: -9.624691, -0.18195933, -1.1300632
20130226_153143_576: -9.768343, 0.1340753, -0.9768343
20130226_153143_726: -9.959879, 0.23942018, -0.8331822
20130226_153143_876: -9.883265, 0.019153614, -0.8810662
20130226_153144_062: -10.084377, 0.076614454, -1.3503298
20130226_153144_444: -9.749189, 0.17238252, -0.8810662
20130226_153144_450: -9.720459, 0.19153613, -0.7182605
20130226_153144_479: -9.414001, -0.02873042, -0.8714894
20130226_153144_635: -9.662998, 0.1436521, -0.91937345
20130226_153144_786: -9.5385, 0.2777274, -0.6512229
20130226_153145_052: -8.408437, -0.06703765, -1.1587936
20130226_153145_114: -11.013328, 0.038307227, -0.40222588
20130226_153145_302: -9.3661175, 0.82360536, -0.60333884
20130226_153145_439: -9.519346, 0.34476504, -1.1109096
20130226_153145_594: -9.892841, 0.2681506, -0.7374141
20130226_153145_743: -10.898406, 0.4309563, -0.5267244
20130226_153145_894: -10.496181, 0.25857377, -0.49799395
20130226_153146_049: -9.739613, 0.038307227, 0.16280572
20130226_153146_843: -10.448297, -0.047884032, -1.0821792
20130226_153146_865: -9.471462, 0.8331822, -1.292869
20130226_153146_874: -9.768343, 0.33518824, -0.30645782
20130226_153146_890: -8.37013, -0.39264908, -1.1587936
20130226_153146_906: -9.653421, 0.9864111, -0.047884032
20130226_153147_019: -11.022904, -0.545878, -0.60333884
20130226_153147_170: -8.916007, 0.019153614, -0.8714894
20130226_153147_505: -10.381259, 0.11492168, 0.45968673
20130226_153147_542: -10.496181, -0.80445176, -0.41180268
20130226_153147_623: -9.720459, -0.009576807, -0.94810385
20130226_153147_773: -9.586384, -0.4309563, -0.05746084
20130226_153147_936: -9.509769, -0.6607997, -0.7086837
20130226_153148_105: -9.56723, -0.18195933, -0.4213795
20130226_153148_279: -9.528923, 0.009576807, -1.0534488
20130226_153148_429: -9.9790325, 0.58418524, -0.047884032
20130226_153149_011: -8.6574335, 0.36391866, -0.11492168
20130226_153149_021: -9.835381, -0.11492168, -1.0534488
20130226_153149_022: -9.940725, -0.5650316, -0.21068975
20130226_153149_083: -9.730036, -0.641646, -0.89064306
20130226_153149_273: -9.605537, -0.8331822, -0.545878
20130226_153149_411: -9.672575, -0.6607997, -0.59376204
20130226_153149_696: -8.724471, -0.93852705, -1.3599066
20130226_153149_732: -9.9790325, -0.6799533, -1.0726024
20130226_153149_866: -10.01734, -1.292869, -1.4269443
20130226_153150_018: -9.672575, -0.545878, -0.8810662
20130226_153150_167: -9.969456, -0.80445176, -1.2354081
20130226_153150_350: -10.01734, -0.23942018, -1.1013328
20130226_153150_497: -9.193734, -0.2777274, -1.532289
20130226_153150_646: -9.892841, -0.63206923, -1.340753
20130226_153151_259: -9.80665, -0.5363012, -1.6184803
20130226_153151_267: -8.714894, -0.5746084, -1.7046716
20130226_153151_274: -10.04607, -0.51714754, -1.3503298
20130226_153151_282: -9.854534, -0.23942018, -1.1683705
20130226_153151_436: -9.854534, -0.40222588, -0.8619126
20130226_153151_789: -9.691729, -0.33518824, -1.340753
20130226_153151_799: -9.289502, -0.19153613, -1.5705963
20130226_153152_103: -9.490616, -0.32561144, -0.60333884
20130226_153152_119: -9.787497, -0.32561144, -0.7469909
20130226_153152_210: -9.988609, -0.20111294, -0.41180268
20130226_153152_362: -10.409989, -0.019153614, -0.8714894
20130226_153152_542: -10.342952, 0.37349546, -0.9959879
20130226_153152_700: -10.132261, 0.10534488, -0.5650316
20130226_153152_842: -9.998186, 0.90979666, -0.1340753
20130226_153152_993: -9.835381, 0.7757214, -0.78529817
20130226_153153_146: -9.873688, 0.6703765, -0.06703765
20130226_153153_662: -10.132261, 1.2066777, -0.58418524
20130226_153153_670: -9.232041, 0.8714894, -0.48841715
20130226_153153_677: -9.768343, 1.283292, 0.20111294
20130226_153153_774: -9.758766, 1.436521, -0.35434186
20130226_153153_925: -9.797073, 0.7469909, -0.641646
20130226_153154_076: -9.883265, 0.842759, -0.47884035
20130226_153154_299: -9.337387, 1.1204864, -0.47884035
20130226_153154_376: -9.56723, 1.2737153, -0.076614454
20130226_153154_530: -9.050082, 1.5801731, -0.8331822
20130226_153154_704: -9.557653, 1.8100165, -0.61291564
20130226_153154_856: -10.151415, 1.1492168, -0.16280572
20130226_153155_008: -9.107543, 1.6950948, -0.5554548
20130226_153155_160: -10.0269165, 1.283292, -0.4309563
20130226_153155_332: -9.5385, 1.292869, -0.49799395
20130226_153155_821: -10.065224, 1.6759412, -0.7469909
20130226_153155_829: -8.360553, 1.7238252, -0.39264908
20130226_153155_834: -9.586384, 2.336741, -0.8331822
20130226_153155_962: -8.322245, 1.7621324, -1.340753
20130226_153156_114: -9.595961, 1.4939818, -0.7086837
20130226_153156_409: -9.615114, 1.6089035, -0.49799395
20130226_153156_416: -9.730036, 1.388637, -0.7565677
20130226_153156_568: -9.768343, 1.8674773, -1.0055647
20130226_153156_913: -9.528923, 1.4939818, -0.91937345
20130226_153156_922: -10.180145, 2.2409728, -0.2681506
20130226_153157_024: -10.91756, 1.0630256, -0.30645782
20130226_153157_175: -9.998186, 0.6991069, -0.48841715
20130226_153157_328: -9.988609, 2.2697031, -0.45968673
20130226_153157_501: -8.992621, 2.3750482, -0.90021986
20130226_153157_960: -9.883265, 2.030283, -0.019153614
20130226_153157_969: -10.697293, 1.9153614, -0.2873042
20130226_153157_978: -9.433155, 2.2505496, -0.60333884
20130226_153158_137: -10.46745, 2.3558946, -0.22984336
20130226_153158_286: -10.457873, 2.9783869, -0.37349546
20130226_153158_437: -9.557653, 2.2122424, -1.3024458
20130226_153158_587: -10.113108, 2.135628, -0.59376204
20130226_153158_925: -10.132261, 2.6527755, -0.51714754
20130226_153158_954: -9.701305, 1.9057846, -1.2737153
20130226_153159_040: -9.739613, 1.9153614, -0.81402856
20130226_153159_190: -10.170568, 2.0590134, -1.1587936
20130226_153159_345: -10.726024, 1.6663644, -0.08619126
20130226_153159_495: -9.299079, 1.7238252, -0.9959879
20130226_153159_645: -9.519346, 0.7565677, -0.45968673
20130226_153159_796: -8.389283, 0.94810385, -1.4460979
20130226_153159_949: -9.481039, 0.61291564, -0.7661445
20130226_153200_504: -10.25676, 0.6991069, -0.40222588
20130226_153200_520: -9.528923, 0.7182605, -1.0342951
20130226_153200_522: -10.323798, 1.0342951, -0.7469909
20130226_153200_605: -8.801085, 0.82360536, -0.7565677
20130226_153200_755: -9.586384, 1.7621324, -0.8523358
20130226_153200_907: -9.557653, 1.2737153, -0.89064306
20130226_153201_169: -9.940725, 0.79487497, -0.39264908
20130226_153201_231: -9.624691, 0.15322891, -0.842759
20130226_153201_382: -9.251195, 0.22026655, -0.7278373
20130226_153201_540: -10.103531, -0.80445176, -0.5267244
20130226_153201_690: -10.323798, 1.4652514, -0.1436521
20130226_153201_897: -10.180145, 0.8619126, -0.39264908
20130226_153202_001: -8.714894, -0.009576807, -0.93852705
20130226_153202_174: -9.768343, 0.32561144, -1.532289
20130226_153202_727: -10.91756, 0.9864111, -0.7757214
20130226_153202_736: -8.619126, 0.06703765, -1.3982137
20130226_153202_738: -9.653421, 0.10534488, -0.18195933
20130226_153202_778: -8.303091, 0.41180268, -2.030283
20130226_153202_936: -9.490616, 0.15322891, -0.7182605
20130226_153203_108: -10.237606, 0.22984336, -0.30645782
20130226_153203_480: -10.486604, 0.22984336, -0.41180268
20130226_153203_507: -9.576807, -0.22026655, -1.1300632
20130226_153203_561: -11.808203, 0.4405331, 0.18195933
20130226_153203_713: -9.308656, -0.38307226, -0.51714754
20130226_153203_885: -8.896853, 0.009576807, -0.36391866
20130226_153204_018: -9.471462, 0.7374141, -0.4213795
20130226_153204_190: -8.935161, -0.095768064, -0.7565677
20130226_153204_342: -7.3166804, 0.06703765, -0.4309563
20130226_153204_495: -8.829816, -0.047884032, -0.038307227
20130226_153204_981: -10.132261, -0.91937345, 0.36391866
20130226_153204_989: -8.24563, -0.15322891, -0.7374141
20130226_153204_998: -11.463438, 1.4748282, -0.45010993
20130226_153205_126: -10.927136, -0.17238252, -0.019153614
20130226_153205_282: -10.448297, 0.18195933, 0.25857377
