20130226_152815_468: -0.01985312, 0.016798794, -0.0061086523
20130226_152815_481: -0.019547688, 0.010079277, -9.162979E-4
20130226_152815_488: -0.019547688, 0.01282817, -0.005497787
20130226_152815_607: -0.02321288, 0.018325957, -0.0033597588
20130226_152815_809: -0.019242255, 0.011911872, -0.0027488936
20130226_152816_194: -0.017104227, 0.010079277, -0.002443461
20130226_152816_215: -0.018020526, 0.012217305, -9.162979E-4
20130226_152816_358: -0.021685716, 0.0125227375, -0.002443461
20130226_152816_557: -0.019242255, 0.0106901415, -0.0012217305
20130226_152816_707: -0.016493361, 0.016187929, -0.0021380284
20130226_152816_907: -0.019547688, 0.015577064, -0.002443461
20130226_152817_058: -0.017715093, 0.015271631, -3.0543262E-4
20130226_152817_255: -0.022602014, 0.016493361, -0.0033597588
20130226_152817_767: -0.013133603, 0.007330383, -0.0021380284
20130226_152817_773: -0.019547688, 0.014660766, -0.005192355
20130226_152817_805: -0.018020526, 0.0125227375, -0.0021380284
20130226_152817_957: -0.016798794, 0.01160644, -0.00580322
20130226_152818_106: -0.014660766, 0.014049901, -0.004581489
20130226_152818_330: -0.02107485, 0.0012217305, 0.0021380284
20130226_152818_458: -0.02076942, 0.016187929, -0.004276057
20130226_152818_607: -0.015882496, 0.012217305, -0.002443461
20130226_152818_757: -0.01863139, 0.016187929, -0.0033597588
20130226_152818_908: -0.01985312, 0.011911872, -6.1086525E-4
20130226_152819_110: -0.021991149, 0.018020526, -0.002443461
20130226_152819_307: -0.01863139, 0.0076358155, -0.0027488936
20130226_152819_997: -0.012217305, 0.015271631, -0.006414085
20130226_152820_004: -0.01740966, 0.025350908, -0.0076358155
20130226_152820_010: -0.018325957, 0.016187929, -0.002443461
20130226_152820_056: -0.017715093, 0.013439035, -0.0061086523
20130226_152820_626: -0.020463986, 0.0015271631, 9.162979E-4
20130226_152820_646: -0.01740966, 0.01863139, -0.0030543262
20130226_152820_669: -0.016798794, 0.003970624, -6.1086525E-4
20130226_152820_806: -0.019242255, 0.009468411, 3.0543262E-4
20130226_152821_058: -0.017104227, 0.033292156, -0.0061086523
20130226_152821_156: -0.018325957, 0.032070424, 0.0012217305
20130226_152821_355: -0.0125227375, 0.025350908, -0.0021380284
20130226_152821_507: -0.01985312, 0.05955936, -0.016798794
20130226_152821_657: -0.03145956, 0.062308256, -0.043982297
20130226_152821_809: 0.036651913, 0.030543262, -0.067500606
20130226_152822_006: -0.040317107, 0.0106901415, 0.018020526
20130226_152822_156: -6.1086525E-4, 0.012217305, 0.005497787
20130226_152822_664: -0.03390302, 0.01740966, 0.0015271631
20130226_152822_670: -0.023518313, 0.0030543262, -9.162979E-4
20130226_152822_679: -0.021991149, 0.009773844, -0.004276057
20130226_152822_806: -0.03145956, 0.022296581, -0.014966198
20130226_152822_956: -0.019547688, 0.008857546, -0.0012217305
20130226_152823_302: -0.020463986, -0.0018325958, 0.013133603
20130226_152823_348: -0.018936822, 0.013439035, -0.005497787
20130226_152823_458: -0.028099801, 0.015577064, -0.009468411
20130226_152823_607: -0.017104227, 0.0125227375, -0.008552114
20130226_152823_806: -0.016493361, -0.0015271631, 0.010995574
20130226_152823_957: -0.027794369, 0.00580322, -0.0030543262
20130226_152824_156: -0.025961773, 0.024129177, -0.010995574
20130226_152824_308: -0.022602014, 0.01038471, -0.0036651916
20130226_152824_857: -0.02443461, 0.004581489, 0.006414085
20130226_152824_864: -0.033292156, 6.1086525E-4, 0.005192355
20130226_152824_872: -0.02565634, 0.0067195175, 0.008552114
20130226_152825_006: -0.02565634, 0.022602014, -0.0067195175
20130226_152825_206: -0.016493361, 0.03481932, -0.020158553
20130226_152825_726: -0.021380283, 0.019242255, -0.009773844
20130226_152825_749: -0.027183503, -0.002443461, 0.005192355
20130226_152825_806: -0.029626964, -0.0067195175, 0.002443461
20130226_152826_005: -0.021991149, -0.0012217305, 0.01282817
20130226_152826_156: -0.027488936, 0.01038471, 0.00580322
20130226_152826_356: -0.02107485, 0.01160644, 0.003970624
20130226_152826_506: -0.015577064, 0.025350908, -0.014966198
20130226_152826_658: -0.023518313, 0.011301007, -0.008552114
20130226_152827_320: -0.022602014, -0.004581489, 0.004276057
20130226_152827_328: -0.021991149, 0.014660766, 3.0543262E-4
20130226_152827_338: -0.007941248, 0.028405234, -0.02107485
20130226_152827_405: -0.0070249503, 0.02565634, -0.0143553335
20130226_152827_557: -0.024740042, 0.032070424, -6.1086525E-4
20130226_152827_945: -0.0125227375, 0.051923547, -0.017104227
20130226_152827_986: -0.013133603, 0.014660766, -9.162979E-4
20130226_152828_155: -0.025350908, 0.040927973, -0.02107485
20130226_152828_306: -0.025350908, 0.028710667, -0.021991149
20130226_152828_457: -0.03359759, 0.03145956, -0.02443461
20130226_152828_659: -0.026267206, -0.004276057, 0.01985312
20130226_152828_806: -0.035430185, -0.009162978, 0.018936822
20130226_152828_958: -0.0061086523, 0.0125227375, -0.0036651916
20130226_152829_506: -0.008246681, 0.02107485, 0.008552114
20130226_152829_515: -0.028405234, -0.008246681, -0.0018325958
20130226_152829_522: -0.029321533, 0.018325957, 0.017715093
20130226_152829_656: -0.055588737, -3.0543262E-4, 0.005497787
20130226_152829_856: -6.1086525E-4, 0.005192355, 0.014660766
20130226_152830_067: -0.029932396, 0.011911872, -0.020158553
20130226_152830_206: -0.0290161, -0.01038471, 0.03268129
20130226_152830_520: -0.0125227375, 0.02687807, -0.013439035
20130226_152830_556: -0.04062254, 0.005497787, -0.016798794
20130226_152830_756: -0.04520403, 0.009773844, 0.029321533
20130226_152830_957: -0.0061086523, -0.017715093, 0.018325957
20130226_152831_155: -0.0012217305, -0.014660766, 0.030848695
20130226_152831_613: -0.029321533, 0.021991149, -0.016187929
20130226_152831_619: 0.01282817, 0.02107485, 0.022296581
20130226_152831_707: -0.018020526, 0.033292156, -0.0027488936
20130226_152831_856: -0.04642576, 0.015577064, 0.005192355
20130226_152832_056: -0.03726278, 0.03268129, 0.010079277
20130226_152832_206: -0.03023783, 0.030848695, -0.01740966
20130226_152832_574: -0.028710667, -0.021380283, 0.014049901
20130226_152832_607: -0.013439035, -6.1086525E-4, -0.004276057
20130226_152832_758: -0.033292156, -0.0143553335, 0.014966198
20130226_152832_959: -0.023518313, 0.007330383, 0.0015271631
20130226_152833_117: -0.040011674, -0.0033597588, 0.01038471
20130226_152833_307: -0.005497787, -0.010079277, 0.019242255
20130226_152833_508: -0.011301007, -0.01160644, 0.017104227
20130226_152833_706: -0.015271631, 0.017715093, -0.013439035
20130226_152833_905: -0.0290161, -0.01863139, 0.014049901
20130226_152834_105: -0.0106901415, 0.01863139, 0.00580322
20130226_152834_743: -0.022602014, 0.002443461, 0.0027488936
20130226_152834_764: -0.03023783, 0.03756821, -0.0076358155
20130226_152834_784: -0.027183503, 0.047647487, -0.015882496
20130226_152834_800: -0.02687807, 0.009773844, 0.020158553
20130226_152834_957: -0.01985312, 0.020158553, 0.0076358155
20130226_152835_156: 0.003970624, 0.020463986, 0.01282817
20130226_152835_598: -0.054367006, 0.03176499, -0.027183503
20130226_152835_626: -0.041233405, 0.032375857, -0.022602014
20130226_152835_706: -0.055283304, -0.0036651916, 0.030848695
20130226_152835_941: -0.032375857, -0.0070249503, 0.018936822
20130226_152836_356: -0.03940081, 0.017104227, 0.024129177
20130226_152836_369: -0.0061086523, 0.005192355, 0.039095376
20130226_152836_456: -0.058643065, 0.051618114, -0.019547688
20130226_152836_606: -0.02107485, 0.003970624, 0.014660766
20130226_152836_806: -0.043676864, 0.025961773, -0.027183503
20130226_152837_221: -0.022602014, 0.046731193, -0.004886922
20130226_152837_239: -0.04337143, 0.03390302, -0.02107485
20130226_152837_358: -0.040927973, -0.0036651916, 0.01740966
20130226_152837_558: -0.025045475, 0.008857546, 0.0061086523
20130226_152837_760: -0.027794369, -0.014660766, 0.02076942
20130226_152837_958: -0.025045475, 0.029626964, -0.02687807
20130226_152838_109: -0.016493361, -9.162979E-4, 0.014660766
20130226_152838_305: -0.043066, 0.004886922, -6.1086525E-4
20130226_152838_866: -0.032375857, 0.049785517, 0.006414085
20130226_152838_872: 0.013439035, -0.011301007, 0.020158553
20130226_152838_878: -0.054367006, 0.026267206, -0.007330383
20130226_152838_955: -0.08246681, 0.0143553335, -0.032375857
20130226_152839_106: -0.083383106, 0.038179077, -0.040317107
20130226_152839_256: -0.083383106, 0.03481932, -0.0061086523
20130226_152839_482: -0.07971791, -0.00580322, -0.04428773
20130226_152839_657: -0.052839845, 0.063224554, -0.01985312
20130226_152839_807: -0.12614368, -0.014049901, -0.059253927
20130226_152840_008: -0.04520403, 6.1086525E-4, 0.044593163
20130226_152840_206: -0.16035213, 0.037873644, 0.04917465
20130226_152840_610: -0.18600847, -0.019242255, 0.004581489
20130226_152840_636: -0.111177474, -0.025961773, 0.023823744
20130226_152840_719: -0.19608775, 0.0580322, -0.0076358155
20130226_152841_193: -0.116675265, -0.03359759, 0.025350908
20130226_152841_199: -0.22296582, 0.008246681, -0.04153884
20130226_152841_209: -0.15057829, 0.004276057, -0.05222898
20130226_152841_356: -0.12003502, 0.008246681, -0.03359759
20130226_152841_506: -0.11759156, 0.0021380284, 0.014049901
20130226_152841_706: -0.17745635, 0.026267206, 3.0543262E-4
20130226_152841_874: -0.14049901, -0.008552114, 0.032070424
20130226_152842_057: -0.105374254, -0.004276057, -0.0070249503
20130226_152842_257: -0.20616703, 0.0143553335, -0.03145956
20130226_152842_407: -0.108123146, 0.04428773, 0.021991149
20130226_152842_606: -0.17073683, 0.059864793, -0.045814894
20130226_152842_806: -0.1731803, 0.0070249503, 0.007330383
20130226_152843_448: -0.21380283, 0.012217305, -0.010079277
20130226_152843_458: -0.24129178, -0.003970624, -0.030848695
20130226_152843_465: -0.29229903, -0.0067195175, -0.007330383
20130226_152843_505: -0.29871312, 0.010995574, -0.0030543262
20130226_152843_656: -0.35705075, -0.013439035, -0.01282817
20130226_152843_807: -0.37812558, -0.010995574, -0.01863139
20130226_152844_169: -0.39278635, 0.022907447, -0.03481932
20130226_152844_205: -0.45814893, -0.056505036, -0.042455133
20130226_152844_358: -0.4596761, 0.005497787, -0.03390302
20130226_152844_508: -0.51007247, -0.057726767, -9.162979E-4
20130226_152844_708: -0.4382958, -0.044898596, -0.08857546
20130226_152844_908: -0.45081854, -0.0580322, -0.032070424
20130226_152845_110: -0.40103304, 0.0018325958, 0.0012217305
20130226_152846_023: -0.4364632, 0.016493361, -0.017104227
20130226_152846_031: -0.41325033, 0.016798794, -0.034208454
20130226_152846_039: -0.410196, 0.047036625, -0.01985312
20130226_152846_047: -0.47250426, 0.03268129, -0.10842858
20130226_152846_054: -0.44837508, 0.016798794, -0.09560041
20130226_152846_162: -0.47342056, -0.051923547, -0.011301007
20130226_152846_356: -0.5766568, -0.032375857, 6.1086525E-4
20130226_152846_617: -0.54367006, -0.08155051, -0.03481932
20130226_152846_656: -0.49205196, 0.05100725, -0.06414085
20130226_152846_807: -0.49449542, -0.0015271631, -0.102319926
20130226_152847_008: -0.44226643, 0.01863139, -0.06169739
20130226_152847_205: -0.4382958, 0.043066, -0.06505715
20130226_152847_358: -0.3924809, 0.01863139, -0.06719518
20130226_152847_508: -0.35460728, -0.03023783, -0.029321533
20130226_152847_740: -0.2843578, -0.023823744, -0.0030543262
20130226_152848_194: -0.23304509, -0.002443461, 0.011301007
20130226_152848_203: -0.15027285, -0.009162978, -0.0033597588
20130226_152848_212: -0.071776666, -0.031154128, 0.012217305
20130226_152848_356: 0.0012217305, 0.028099801, -0.040317107
20130226_152848_506: -0.029932396, 0.051618114, 0.0027488936
20130226_152848_833: -0.007330383, 0.017715093, 0.02321288
20130226_152848_905: -6.1086525E-4, -0.003970624, 0.040011674
20130226_152849_058: 0.004886922, 0.008552114, 0.0125227375
20130226_152849_257: 0.0061086523, -0.0021380284, 0.025350908
20130226_152849_460: -0.064751714, 0.01985312, -0.04917465
20130226_152849_608: -0.076052725, -0.004276057, -0.0027488936
20130226_152849_808: -0.0030543262, -0.015271631, -0.0030543262
20130226_152850_559: 0.02107485, 0.0070249503, -0.01282817
20130226_152850_567: -0.0070249503, 0.036957346, -0.014049901
20130226_152850_573: -0.040317107, 0.028099801, -0.009468411
20130226_152850_579: -0.092240654, -0.007330383, -0.002443461
20130226_152850_656: -0.12858713, 0.0106901415, 0.012217305
20130226_152850_806: -0.12644911, -0.013439035, 0.011301007
20130226_152851_216: -0.101098195, 0.02107485, -0.019242255
20130226_152851_237: -0.2098322, -0.005192355, 0.023823744
20130226_152851_355: -0.25900686, 0.029321533, -0.016798794
20130226_152851_506: -0.2593123, -0.0036651916, -0.004276057
20130226_152851_657: -0.25228736, 0.022907447, -0.028099801
20130226_152851_858: -0.29138273, 0.018020526, -0.053450707
20130226_152852_057: -0.30482176, 0.009468411, -0.050396383
20130226_152852_256: -0.32467487, 0.040927973, -0.052839845
20130226_152852_906: -0.312763, -0.024129177, -0.024129177
20130226_152852_915: -0.2611449, 0.025350908, 0.008552114
20130226_152852_922: -0.21960606, 0.077579886, -0.028099801
20130226_152853_006: -0.15332718, 0.011911872, -0.030848695
20130226_152853_205: -0.12736541, 0.040011674, -0.020158553
20130226_152853_399: -0.09407325, 0.031154128, -0.0070249503
20130226_152853_557: -0.043676864, 0.014049901, -0.004276057
20130226_152853_707: -0.021685716, 0.022296581, -0.017715093
20130226_152853_908: -0.013744468, 0.011301007, -0.0027488936
20130226_152854_109: -0.022296581, -0.0036651916, 0.011301007
20130226_152854_308: -0.014660766, 0.021380283, -0.0143553335
20130226_152854_505: -0.038179077, 0.02107485, -0.046120327
20130226_152855_069: 0.04734206, -0.0125227375, -0.0067195175
20130226_152855_081: 0.03634648, 0.02687807, -0.008552114
20130226_152855_090: -0.03634648, -0.007330383, 0.03848451
20130226_152855_206: -0.07269296, 0.03970624, -0.0290161
20130226_152855_357: -0.0070249503, -0.0036651916, -6.1086525E-4
20130226_152855_558: -0.0421497, 0.00580322, -0.02076942
20130226_152855_707: -0.07849618, 0.010079277, -9.162979E-4
20130226_152855_858: -0.070554934, 0.0076358155, 0.024740042
20130226_152856_058: -0.122783914, 0.013744468, -0.01282817
20130226_152856_257: -0.1282817, -0.01038471, -0.017715093
20130226_152856_457: -0.13652839, -0.016187929, -0.047036625
20130226_152856_655: -0.1685988, -0.038179077, -0.023518313
20130226_152857_234: -0.22449298, 0.035124753, -0.034208454
20130226_152857_240: -0.17287487, 0.004581489, 0.013133603
20130226_152857_252: -0.20830505, -0.007941248, -0.023518313
20130226_152857_356: -0.13713925, 0.067500606, 0.005497787
20130226_152857_608: -0.06811147, 0.014966198, -0.063224554
20130226_152857_707: -0.094989546, 0.011301007, -0.07147124
20130226_152857_857: -0.076358154, -0.00580322, -0.035124753
20130226_152858_008: -0.05467244, -0.056505036, -0.007941248
20130226_152858_206: -0.020463986, 0.018020526, -0.012217305
20130226_152858_357: -0.010995574, 0.058948494, -0.01985312
20130226_152858_507: -0.01985312, -0.0027488936, 0.003970624
20130226_152858_705: 0.00580322, 0.08460484, 0.0015271631
20130226_152859_213: 6.1086525E-4, 0.01282817, 0.018325957
20130226_152859_220: -0.022907447, -0.004276057, 0.0018325958
20130226_152859_255: -0.0027488936, 0.030848695, -0.0018325958
20130226_152859_406: 0.0061086523, 0.12614368, 0.038789943
20130226_152859_606: 6.1086525E-4, 0.038179077, 0.03848451
20130226_152859_851: 0.041233405, 0.06566802, 0.005192355
20130226_152859_957: 0.013439035, -0.13683382, 0.0693332
20130226_152900_155: 0.07574729, -0.028405234, 0.038789943
20130226_152900_307: 0.022296581, -0.051923547, 0.016798794
20130226_152900_508: 0.057726767, 0.079107046, 0.021685716
20130226_152900_657: 0.07147124, -0.017715093, 0.04428773
20130226_152901_949: 0.06383542, 0.02107485, 0.01985312
20130226_152901_969: 0.02687807, 0.06566802, 0.02107485
20130226_152902_384: 0.093462385, -0.11636983, 0.015882496
20130226_152902_393: 0.04886922, -0.017715093, 0.0070249503
20130226_152902_399: 0.059864793, 0.0580322, -0.004276057
20130226_152902_406: 0.04795292, 0.040927973, -0.0076358155
20130226_152902_414: 0.051923547, -0.01160644, 0.005497787
20130226_152902_421: 0.0421497, 0.09987647, -0.0030543262
20130226_152902_428: 0.042760566, 0.022907447, -0.028710667
20130226_152902_437: 0.022907447, -0.034208454, 0.03940081
20130226_152902_455: 0.050396383, 0.011301007, 0.009162978
20130226_152902_607: 0.07696902, 0.023823744, 0.018936822
20130226_152902_806: 0.03756821, 0.015271631, 0.059253927
20130226_152903_006: 0.116980694, 0.011301007, 0.08399397
20130226_152903_206: 0.08674286, 0.0070249503, 0.048258353
20130226_152903_358: 0.12370021, 0.005192355, 0.03940081
20130226_152903_508: 0.15485434, 0.008552114, 0.015271631
20130226_152903_706: 0.08246681, 0.043676864, -0.009162978
20130226_152903_857: 0.060170226, 0.008246681, 0.026572637
20130226_152904_007: 0.06566802, 0.04917465, 0.05375614
20130226_152904_205: 0.113926366, 0.007941248, 0.07513642
20130226_152904_788: 0.12736541, -0.005192355, 0.022296581
20130226_152904_797: 0.14019357, 0.027183503, -0.016187929
20130226_152904_805: 0.06352998, -0.05681047, -0.003970624
20130226_152904_956: 0.09254608, 0.01282817, 0.032986723
20130226_152905_107: 0.109650314, 0.069027774, 0.044593163
20130226_152905_308: 0.11453723, -0.0027488936, 0.04428773
20130226_152905_458: 0.10354166, -0.018936822, 0.02565634
20130226_152905_658: 0.09743301, 0.029626964, 0.021991149
20130226_152905_809: 0.07452556, 0.1151481, 0.056505036
20130226_152906_008: 0.11759156, 0.013133603, 0.09437868
20130226_152906_206: 0.099571034, 0.002443461, 0.023823744
20130226_152906_405: 0.05681047, 0.13255776, 0.040927973
20130226_152906_920: 0.07391469, 0.071776666, -0.0030543262
20130226_152906_927: 0.0729984, -0.061086524, 0.050701816
20130226_152906_935: 0.1469131, -0.052534413, -0.029321533
20130226_152907_056: 0.08735373, 0.030543262, -0.025350908
20130226_152907_256: 0.092240654, -0.0106901415, -0.043066
20130226_152907_419: 0.1591304, 0.03176499, -0.0012217305
20130226_152907_556: 0.11881329, -0.012217305, 0.028099801
20130226_152907_708: 6.1086525E-4, -0.03176499, -0.01282817
20130226_152907_858: 0.08093964, -0.06505715, 0.0421497
20130226_152908_058: 0.086132, -0.03145956, -0.0076358155
20130226_152908_258: 0.09590584, -0.019547688, 0.013744468
20130226_152908_409: 0.048563786, -0.042455133, 0.022602014
20130226_152908_984: 0.079107046, -0.013439035, 0.05589417
20130226_152908_992: 0.015577064, 0.06078109, -0.011911872
20130226_152908_998: -0.02687807, 0.041233405, 0.027794369
20130226_152909_105: -0.009773844, -0.008552114, 0.06047566
20130226_152909_256: 0.0571159, -0.01985312, 0.038789943
20130226_152909_659: 0.0125227375, 0.01985312, 0.007941248
20130226_152909_701: -0.053145275, 0.053145275, -0.020158553
20130226_152909_856: -0.03756821, -0.057726767, 0.0027488936
20130226_152910_056: -0.02687807, -0.061086524, 0.014049901
20130226_152910_257: -0.0125227375, 0.048258353, -0.014966198
20130226_152910_456: -0.041233405, 0.014966198, 9.162979E-4
20130226_152910_656: 0.02076942, 0.022907447, 0.015577064
20130226_152910_858: -0.016187929, -0.015271631, -0.0012217305
20130226_152911_260: 0.011301007, 0.021380283, 0.0106901415
20130226_152911_273: 0.011301007, -0.019242255, 0.013439035
20130226_152911_356: -0.019242255, 0.07238753, 0.008857546
20130226_152911_506: -0.029321533, -0.025961773, 0.039095376
20130226_152911_656: -0.022296581, -0.03970624, -0.02565634
20130226_152911_950: 0.022602014, 0.07696902, 0.018325957
20130226_152912_006: 0.002443461, 0.0125227375, -0.023823744
20130226_152912_157: -0.04642576, -0.013439035, 0.02076942
20130226_152912_307: -0.05222898, 0.021991149, -0.009773844
20130226_152912_511: 0.003970624, 0.061086524, 0.008552114
20130226_152912_708: 6.1086525E-4, -0.01863139, -0.045814894
20130226_152912_908: -0.027183503, 0.056199603, -0.008857546
20130226_152913_494: 0.012217305, 0.05131268, -0.029321533
20130226_152913_505: -0.022296581, 0.05375614, -0.014049901
20130226_152913_511: -0.008246681, 0.049785517, 0.040317107
20130226_152913_607: -0.047036625, 0.079107046, -0.028710667
20130226_152913_811: 0.0106901415, 0.14385876, 0.027183503
20130226_152914_155: 0.011301007, 0.04886922, -0.02107485
20130226_152914_169: -0.008857546, 0.014966198, -0.029932396
20130226_152914_308: -0.073303826, -0.0720821, -3.0543262E-4
20130226_152914_508: 0.08246681, 0.040317107, -0.022907447
20130226_152914_707: -0.12980886, -0.045814894, 0.023823744
20130226_152914_858: -0.02687807, 0.15149458, -0.005497787
20130226_152915_686: 0.018936822, -0.08155051, -0.01863139
20130226_152915_711: 0.010995574, 0.022296581, 0.009468411
20130226_152916_159: -0.071776666, 0.004276057, 0.014966198
20130226_152916_169: 0.005192355, 0.105068825, -0.011301007
20130226_152916_177: -0.04795292, 0.0018325958, 0.008857546
20130226_152916_183: 0.024129177, 0.007941248, 0.012217305
20130226_152916_193: 0.021991149, 0.01038471, 0.040011674
20130226_152916_357: -0.032070424, 0.0021380284, 0.018936822
20130226_152916_557: -0.043676864, 0.03268129, -3.0543262E-4
20130226_152916_757: -0.034208454, -0.034208454, -0.0018325958
20130226_152917_121: -0.028405234, 0.13836098, 0.0067195175
20130226_152917_152: -0.07147124, -0.09254608, 0.06841691
20130226_152917_307: -0.11056661, -0.028405234, 0.07422013
20130226_152917_457: -0.04153884, 0.062002823, 0.029626964
20130226_152917_659: -0.027488936, 0.009773844, 0.048258353
20130226_152917_857: -0.008857546, 0.027488936, 0.0027488936
20130226_152918_007: -0.013133603, -0.013133603, 0.009162978
20130226_152918_163: -0.03634648, -0.02687807, 0.008857546
20130226_152918_689: 0.020158553, -0.007330383, -6.1086525E-4
20130226_152918_700: -0.00580322, 0.026267206, -0.05589417
20130226_152918_707: -0.0983493, -0.04428773, 0.046120327
20130226_152918_856: -0.03848451, -0.051618114, 0.0012217305
20130226_152919_056: -0.029932396, 0.051923547, 0.014660766
20130226_152919_300: 0.011911872, 0.03573562, 0.009468411
20130226_152919_356: -0.018936822, 0.03726278, 0.0012217305
20130226_152919_512: 0.079107046, 0.27977628, 0.06811147
20130226_152919_708: -0.023823744, 0.073303826, 0.010079277
20130226_152919_905: 0.12736541, -0.025045475, 0.0421497
20130226_152920_058: 0.050701816, -0.0106901415, -0.007330383
20130226_152920_210: -9.162979E-4, 0.071776666, -0.08460484
20130226_152920_406: 0.002443461, 0.07360926, -0.050396383
20130226_152920_949: 0.1020145, 0.005497787, 0.041233405
20130226_152920_955: 0.06505715, 0.02687807, 0.04734206
20130226_152920_964: -0.053450707, 0.06078109, -0.049480084
20130226_152921_107: 0.079107046, -0.0036651916, 0.014660766
20130226_152921_494: -0.03970624, 0.035430185, -0.0021380284
20130226_152921_530: -0.013133603, 0.04795292, -0.016798794
20130226_152921_656: 0.081855945, 0.042455133, -0.049785517
20130226_152921_807: -0.06383542, 0.064446285, -0.01985312
20130226_152922_007: 0.05589417, 0.03573562, -0.029321533
20130226_152922_206: -0.029626964, 0.03176499, -0.008552114
20130226_152922_358: 0.015271631, 0.046731193, -0.0036651916
20130226_152922_508: 0.017104227, 0.02565634, 0.0012217305
20130226_152923_125: 0.029321533, 0.022907447, 0.013439035
20130226_152923_136: 0.08032878, 0.05131268, 0.010079277
20130226_152923_145: 0.046731193, -0.031154128, 0.06963864
20130226_152923_256: 0.100792766, 0.06780604, -0.028099801
20130226_152923_455: 0.13775012, 0.038789943, -0.09437868
20130226_152923_744: 0.21044308, -0.04428773, 0.050396383
20130226_152923_783: 0.41386122, 0.063224554, 0.063224554
20130226_152923_957: 0.28069258, -0.016187929, 0.07544186
20130226_152924_156: 0.40775254, 0.011301007, 0.027488936
20130226_152924_356: 0.43310347, -0.01985312, 0.07941248
20130226_152924_507: 0.5311473, 0.010079277, 0.12156218
20130226_152924_657: 0.49327368, -0.061086524, 0.12339478
20130226_152924_859: 0.57757306, -0.074830994, 0.10751228
20130226_152925_355: 0.6215554, -0.077579886, 0.090713486
20130226_152925_670: 0.6444628, -0.027488936, 0.071776666
20130226_152925_711: 0.6899723, -0.046731193, 0.15027285
20130226_152925_735: 0.6927212, 0.036957346, 0.044593163
20130226_152925_759: 0.7076874, -0.004581489, 0.06688975
20130226_152926_120: 0.6835582, 0.017104227, 0.122783914
20130226_152926_141: 0.6020077, -0.038789943, 0.09590584
20130226_152926_256: 0.56291234, 0.032986723, 0.05009095
20130226_152926_407: 0.50579643, -0.109650314, 0.004886922
20130226_152926_558: 0.44623706, 0.044593163, 0.03726278
20130226_152926_709: 0.34025195, -0.02687807, 0.044898596
20130226_152926_907: 0.2602286, -0.0067195175, 0.0012217305
20130226_152927_111: 0.13164146, 0.05589417, 0.029932396
20130226_152927_695: 0.15088372, 0.0036651916, 0.0027488936
20130226_152927_701: 0.06536258, -0.02076942, 0.016798794
20130226_152927_713: -0.04642576, 0.027183503, -0.06352998
20130226_152927_857: -0.06627888, -0.04886922, 0.02443461
20130226_152928_057: 0.009468411, 0.006414085, 0.018325957
20130226_152928_259: 0.028710667, 0.004581489, 0.03359759
20130226_152928_407: 0.03176499, 0.1731803, 0.030848695
20130226_152928_608: -0.03940081, 0.12003502, -0.02107485
20130226_152928_806: 0.0018325958, -0.106901415, -0.09712757
20130226_152928_958: -0.03634648, -0.18906279, -6.1086525E-4
20130226_152929_108: -0.010079277, -0.05467244, -0.052534413
20130226_152929_258: -0.09254608, 0.08460484, -0.02076942
20130226_152929_840: -0.011911872, 0.04184427, 0.010079277
20130226_152929_846: -0.03268129, 0.011301007, 0.016493361
20130226_152929_855: -0.07422013, 0.0290161, 0.016187929
20130226_152929_957: -0.06047566, 0.038789943, -0.0018325958
20130226_152930_159: -0.055588737, -0.0106901415, 0.038179077
20130226_152930_626: 0.016187929, 0.015577064, 0.013744468
20130226_152930_647: -0.028710667, -0.027183503, -0.04734206
20130226_152930_756: -0.051618114, 0.06261369, -0.03268129
20130226_152930_906: 0.03145956, -0.10293079, 0.014049901
20130226_152931_058: 0.008246681, 0.050396383, 0.017104227
20130226_152931_257: -0.031154128, -0.029932396, -0.0070249503
20130226_152931_900: -0.0125227375, 0.053145275, -9.162979E-4
20130226_152931_907: 0.042760566, 0.038179077, -0.027488936
20130226_152931_914: 0.027488936, 0.061391957, -0.008552114
20130226_152932_006: 0.016493361, -0.022907447, 0.051923547
20130226_152932_206: 0.06658431, 0.071776666, 0.03940081
20130226_152932_406: 0.043066, 0.05497787, 0.028099801
20130226_152932_701: 0.037873644, 0.13897185, -0.032070424
20130226_152932_808: -0.02443461, -0.025961773, 0.04550946
20130226_152932_957: 0.09743301, -0.24770586, -0.05009095
20130226_152933_155: 0.10262536, 0.07849618, 0.0720821
20130226_152933_306: 0.074830994, 0.26847526, 0.0571159
20130226_152933_457: 0.06078109, -0.10842858, -0.052534413
20130226_152933_657: 0.1518, -0.046731193, 0.028710667
20130226_152933_859: 0.007330383, -0.04795292, -0.049480084
20130226_152934_277: 0.026572637, 0.17898351, -0.15943582
20130226_152934_288: 0.007941248, -0.01160644, 0.029626964
20130226_152934_406: 0.06169739, 0.046120327, -0.021991149
20130226_152934_606: 0.005192355, -0.06994407, 0.026267206
20130226_152934_829: 0.03634648, -0.06780604, -0.008552114
20130226_152934_957: 0.060170226, 0.06505715, -0.008246681
20130226_152935_109: 0.06719518, -0.015577064, -0.011301007
20130226_152935_683: -0.04153884, 0.013744468, -0.0070249503
20130226_152935_705: -0.053145275, 0.0290161, 0.01160644
20130226_152935_715: 0.035124753, 0.038789943, 0.04520403
20130226_152935_856: 0.061391957, 0.044898596, -0.011911872
20130226_152936_431: -0.00580322, 0.017104227, -0.027183503
20130226_152936_442: -0.032986723, -0.024740042, 0.006414085
20130226_152936_454: 0.011301007, 0.024740042, -0.0033597588
20130226_152936_556: 0.065973446, 0.04550946, 0.06719518
20130226_152936_706: 0.04886922, -0.0061086523, 0.020158553
20130226_152936_906: 0.02443461, -0.011301007, -0.013744468
20130226_152937_056: 0.029626964, -0.025961773, 0.029321533
20130226_152937_292: 0.028099801, 0.003970624, 0.03359759
20130226_152937_406: 0.04642576, 0.03176499, 0.009773844
20130226_152937_556: 0.04886922, 0.022296581, 0.022602014
20130226_152937_758: 0.084910266, 0.032375857, 0.036651913
20130226_152937_955: 0.122478485, -0.022602014, 0.025045475
20130226_152938_111: 0.13194689, 0.035430185, 0.013744468
20130226_152938_306: 0.13133603, -0.058948494, 0.021380283
20130226_152938_457: 0.14721853, 0.002443461, 0.01740966
20130226_152938_925: 0.15515977, 0.010079277, 0.0021380284
20130226_152938_933: 0.0870483, -0.015271631, 0.024129177
20130226_152939_006: 0.0070249503, -6.1086525E-4, 0.06414085
20130226_152939_205: 0.0125227375, -0.01038471, -0.0033597588
20130226_152939_546: 0.008552114, 0.03176499, 0.003970624
20130226_152939_581: -0.003970624, -0.14355333, -0.021991149
20130226_152939_706: -0.002443461, -0.013133603, 0.014966198
20130226_152939_857: -0.0027488936, -0.04886922, 0.014049901
20130226_152940_007: -0.0027488936, 0.059864793, 0.027794369
20130226_152940_206: -3.0543262E-4, 0.011301007, 0.015882496
20130226_152940_826: -3.0543262E-4, 0.028710667, -6.1086525E-4
20130226_152940_847: -0.0033597588, -0.040317107, 0.009468411
20130226_152941_344: 0.012217305, -0.053450707, -0.0061086523
20130226_152941_353: -0.021380283, -0.007941248, -0.027794369
20130226_152941_359: 0.037873644, -0.038179077, 0.014660766
20130226_152941_368: -0.042455133, 0.009773844, -0.026572637
20130226_152941_456: 0.011301007, 0.05375614, -0.0021380284
20130226_152941_607: 0.013744468, 0.009468411, -0.064446285
20130226_152941_806: -0.023823744, 0.005497787, -0.05467244
20130226_152941_956: -0.06719518, -0.02321288, 0.01863139
20130226_152942_122: -0.029626964, 0.03481932, 0.076358154
20130226_152942_307: 0.04062254, -0.009162978, 0.053145275
20130226_152942_507: -0.007330383, 0.004276057, 0.009468411
20130226_152942_706: 0.0070249503, 0.03268129, -0.020158553
20130226_152942_858: 0.0027488936, 0.05100725, -0.013744468
20130226_152943_057: 0.0027488936, 0.018936822, -0.004276057
20130226_152943_272: 0.015577064, 0.043676864, -0.015577064
20130226_152943_743: 0.010079277, 0.09743301, -0.02565634
20130226_152943_753: -0.017715093, -0.03634648, 0.012217305
20130226_152943_762: 0.06383542, -0.0036651916, 0.005497787
20130226_152943_955: 0.007941248, 0.040011674, 0.028710667
20130226_152944_371: 0.09101892, 0.070554934, 0.024129177
20130226_152944_401: 0.087964594, -3.0543262E-4, 0.02076942
20130226_152944_507: 0.07880162, 0.025045475, 6.1086525E-4
20130226_152944_658: 0.099265605, 0.026572637, 0.04337143
20130226_152944_857: 0.08674286, 0.014660766, 0.02321288
20130226_152945_057: 0.116980694, -0.007941248, 0.0720821
20130226_152945_256: 0.15699236, -0.04917465, 0.01863139
20130226_152945_754: 0.067500606, -0.07574729, 0.024129177
20130226_152946_168: 0.12980886, 0.008857546, 0.013744468
20130226_152946_175: 0.083383106, -0.025045475, 0.01160644
20130226_152946_181: 0.1908954, -0.053450707, 0.050701816
20130226_152946_189: 0.0888809, 0.044898596, -0.028099801
20130226_152946_257: 0.06291912, -0.009468411, -3.0543262E-4
20130226_152946_461: 0.077579886, 0.015882496, 0.028710667
20130226_152946_657: 0.082161374, -0.007941248, -0.016798794
20130226_152946_860: 0.05222898, 0.013133603, -0.025350908
20130226_152947_014: 0.07086037, 0.0067195175, -0.016798794
20130226_152947_206: 0.064446285, 0.029321533, 0.058337633
20130226_152947_408: 0.083383106, 0.025350908, -0.013744468
20130226_152947_607: 0.0106901415, 0.004276057, 0.049785517
20130226_152947_807: 0.07452556, 0.010079277, -0.038179077
20130226_152948_359: 0.0125227375, 0.10751228, -0.0036651916
20130226_152948_366: 0.08368854, -0.031154128, 0.020158553
20130226_152948_374: 0.08307768, 0.08124508, 0.13500121
20130226_152948_506: -0.025961773, -0.014049901, 0.060170226
20130226_152948_656: 0.061086524, -0.086437434, -0.057421334
20130226_152948_961: 0.036651913, 0.034208454, -0.05131268
20130226_152949_062: -9.162979E-4, -0.05009095, -0.004886922
20130226_152949_257: -0.03756821, -0.036957346, 0.04734206
20130226_152949_407: -0.00580322, -9.162979E-4, -0.021380283
20130226_152949_608: -0.057421334, -0.063224554, -0.04337143
20130226_152949_807: -0.046120327, -0.006414085, 6.1086525E-4
20130226_152950_005: 0.008246681, 0.11575896, 0.03726278
20130226_152950_665: -0.03573562, 0.079107046, -0.01160644
20130226_152950_687: -0.062002823, -0.030848695, -0.026572637
20130226_152950_706: -0.110872045, 0.05009095, 0.02321288
20130226_152950_724: -0.014049901, -0.009162978, -0.007941248
20130226_152950_857: -0.004886922, -0.0018325958, 0.04428773
20130226_152951_059: 0.0036651916, -0.086132, -0.051923547
20130226_152951_307: -0.040927973, 0.081855945, -0.024129177
20130226_152951_408: -3.0543262E-4, -0.102319926, -0.05497787
20130226_152951_608: -0.025961773, 0.07727446, 0.007941248
20130226_152951_807: -0.03023783, 0.15149458, 0.024740042
20130226_152952_007: 0.035124753, 0.10903945, -0.070554934
20130226_152952_206: 0.0036651916, 0.064446285, -0.023823744
20130226_152952_406: -0.0030543262, 0.021991149, -0.059864793
20130226_152952_869: 0.0888809, 0.029932396, 9.162979E-4
20130226_152952_877: -0.061086524, -0.004886922, 0.007330383
20130226_152952_955: -0.055588737, 0.038179077, 0.02687807
20130226_152953_108: 0.04550946, -0.100792766, -0.04428773
20130226_152953_444: 0.032375857, 0.09987647, -0.03390302
20130226_152953_505: -0.08368854, 0.07360926, 0.09437868
20130226_152953_659: -0.048563786, -0.042760566, -0.07696902
20130226_152953_858: 0.02687807, -0.10781772, 0.06780604
20130226_152954_056: 0.008857546, 0.022907447, 0.03940081
20130226_152954_258: -0.034208454, 0.029626964, -0.036957346
20130226_152954_457: 0.010079277, 0.11575896, -0.03359759
20130226_152954_999: 0.011911872, 0.06383542, -0.036957346
20130226_152955_007: -0.022907447, 0.062308256, 0.015271631
20130226_152955_015: -0.06261369, 0.02076942, 0.0061086523
20130226_152955_157: -0.02107485, 0.1160644, -0.03176499
20130226_152955_308: -0.0070249503, -0.006414085, 0.024740042
20130226_152955_953: -0.06291912, -0.03268129, 0.030543262
20130226_152955_973: -0.007330383, -0.058948494, 0.03756821
20130226_152955_994: 0.01863139, 0.086437434, 0.004276057
20130226_152956_058: 0.002443461, 0.057421334, -0.005497787
20130226_152956_257: -0.0106901415, 0.058643065, 0.007941248
20130226_152956_456: 0.031154128, 0.19425514, -0.024129177
20130226_152956_657: -0.014660766, 0.056505036, -0.010995574
20130226_152956_855: -0.0012217305, 0.018020526, -0.011911872
20130226_152957_006: -0.043066, -0.0030543262, -0.013744468
20130226_152957_472: -0.055588737, -0.07452556, 3.0543262E-4
20130226_152957_478: -0.01038471, -0.04184427, -0.049785517
20130226_152957_556: -0.039095376, -0.09773844, 0.021685716
20130226_152957_706: -0.074830994, 0.062308256, -0.025350908
20130226_152958_079: -0.08093964, 0.11881329, 0.0421497
20130226_152958_109: -0.037873644, -0.19211712, 0.03604105
20130226_152958_256: 0.020158553, 0.017104227, 0.021991149
20130226_152958_407: -0.0061086523, -0.13164146, 0.01985312
20130226_152958_606: -0.019547688, -0.05467244, 0.07574729
20130226_152958_758: -0.012217305, -0.018325957, 0.09040806
20130226_152958_958: -0.01985312, -0.07238753, -0.005497787
20130226_152959_155: 0.019547688, 0.009468411, -0.021685716
20130226_152959_657: 0.064446285, 0.08552113, 0.032986723
20130226_152959_665: -0.01282817, 0.115453534, 0.028099801
20130226_152959_671: -0.0720821, 0.019547688, -0.034208454
20130226_152959_856: -0.040927973, -0.07574729, -0.034208454
20130226_153000_006: -0.070554934, 0.0711658, -0.032375857
20130226_153000_347: -0.026267206, -0.032986723, 0.015271631
20130226_153000_367: -0.09437868, 0.005192355, 0.018020526
20130226_153001_021: -0.008857546, -0.02107485, 0.03726278
20130226_153001_055: -0.03359759, 0.035430185, -0.005192355
20130226_153001_065: -0.032375857, -0.063224554, 0.028099801
20130226_153001_106: 0.005497787, 0.047036625, -0.03634648
20130226_153001_256: -0.025045475, -0.008857546, -0.014660766
20130226_153001_509: -0.028710667, -0.032375857, 0.019242255
20130226_153001_900: -0.040927973, 0.0580322, 0.042760566
20130226_153001_911: 0.05467244, -0.05467244, 0.03023783
20130226_153002_006: 0.0033597588, -0.03268129, 0.0143553335
20130226_153002_158: -0.018936822, -0.064751714, 0.093767814
20130226_153002_357: 0.0125227375, 0.04886922, 0.07849618
20130226_153002_508: 0.08277224, 0.025045475, 0.002443461
20130226_153002_658: 0.043982297, -0.071776666, 0.006414085
20130226_153002_996: 0.24007004, 0.0021380284, -0.10903945
20130226_153003_031: 0.16310102, -0.04062254, -0.04886922
20130226_153003_206: 0.13805555, 0.011301007, -0.01038471
20130226_153003_357: 0.14110987, 0.01160644, -0.04795292
20130226_153003_559: 0.129198, 0.04337143, -0.009162978
20130226_153003_760: 0.109650314, 0.035124753, 0.04062254
20130226_153003_957: 0.06963864, 0.004276057, 0.02443461
20130226_153004_504: 0.046120327, 0.020463986, -0.005192355
20130226_153004_510: 0.039095376, -0.015271631, 0.005192355
20130226_153004_519: 0.007330383, 0.02443461, -0.021685716
20130226_153004_656: 0.006414085, -0.051923547, 0.0106901415
20130226_153004_856: 0.025961773, 0.04153884, -0.028099801
20130226_153005_127: 0.02076942, 0.17104226, 0.029932396
20130226_153005_256: -0.03268129, -0.05100725, 0.07880162
20130226_153005_408: -0.051618114, 0.024129177, 0.048258353
20130226_153005_924: -0.074830994, 0.051618114, 0.076052725
20130226_153005_954: -0.029626964, 0.023518313, 0.002443461
20130226_153006_006: 0.021380283, -0.014660766, -0.052839845
20130226_153006_210: -0.02076942, 0.04550946, -0.070249505
20130226_153006_667: -0.0036651916, 0.029932396, -0.07422013
20130226_153006_673: -9.162979E-4, 0.05589417, -0.09193522
20130226_153006_806: -0.002443461, 0.006414085, -0.03940081
20130226_153007_006: -0.025350908, 0.027183503, -0.003970624
20130226_153007_156: -0.0067195175, 0.0290161, -0.021991149
20130226_153007_356: -0.017104227, 0.06261369, 0.026267206
20130226_153007_649: -0.025045475, -0.029932396, 0.02443461
20130226_153007_705: -0.015882496, 0.028405234, -0.0015271631
20130226_153007_858: -0.06841691, -0.04917465, 0.008552114
20130226_153008_058: -0.04428773, 0.0067195175, -0.029321533
20130226_153008_256: -0.021685716, 0.017104227, -0.026572637
20130226_153008_406: -0.009773844, 0.027488936, -0.032375857
20130226_153008_557: -0.014660766, 0.03604105, 0.011301007
20130226_153008_755: 0.0070249503, 0.038179077, 9.162979E-4
20130226_153009_282: -0.011301007, 0.013439035, 0.0015271631
20130226_153009_291: -0.0061086523, 0.04428773, 0.038179077
20130226_153009_301: -0.024740042, -0.0067195175, 0.020463986
20130226_153009_405: -0.027183503, 0.008552114, 0.03023783
20130226_153009_558: -0.006414085, -0.03481932, 0.021685716
20130226_153009_895: -0.013744468, 9.162979E-4, 0.051923547
20130226_153009_930: -0.020158553, -0.01038471, 0.011911872
20130226_153010_058: -0.034513887, -0.004886922, 0.021991149
20130226_153010_259: -0.03268129, -0.009162978, -0.0012217305
20130226_153010_457: 0.01863139, 0.042760566, -0.046731193
20130226_153010_807: -0.03940081, -0.008857546, 0.009468411
20130226_153010_827: 0.016493361, 0.015577064, 0.014049901
20130226_153011_478: 0.03145956, -0.01985312, 0.076358154
20130226_153011_484: 0.03359759, 0.037873644, 0.018325957
20130226_153011_492: 0.008857546, 0.01160644, 0.013133603
20130226_153011_505: -0.023823744, -0.027488936, 0.008246681
20130226_153011_656: -0.03756821, 0.07422013, 0.04642576
20130226_153011_857: -0.00580322, -0.045814894, 0.0030543262
20130226_153012_008: -0.0693332, -0.03359759, 0.03359759
20130226_153012_291: -0.020158553, -0.16676621, 0.10629055
20130226_153012_406: -0.0070249503, -0.043066, -0.06994407
20130226_153012_558: -0.043982297, -0.02321288, -0.05222898
20130226_153012_758: 0.00580322, -0.044898596, -0.055588737
20130226_153012_957: -0.083383106, -0.028405234, 0.0070249503
20130226_153013_158: -0.03756821, 0.022602014, -0.025350908
20130226_153013_355: 0.016493361, -0.014660766, 0.04428773
20130226_153013_796: -0.01282817, 0.019547688, 0.029626964
20130226_153013_806: -0.012217305, 0.008552114, -0.0067195175
20130226_153013_856: -0.029932396, -0.021685716, -0.01038471
20130226_153014_008: -0.032986723, 0.040317107, -0.044898596
20130226_153014_405: 0.014049901, 0.10140363, -0.024129177
20130226_153014_448: -0.029932396, 0.028710667, -0.034513887
20130226_153014_558: -0.022602014, 0.032375857, -0.022296581
20130226_153014_708: -0.052534413, 0.053450707, 0.005192355
20130226_153014_908: -0.01160644, 0.013439035, -0.013439035
20130226_153015_111: -0.007941248, 0.018020526, 0.03756821
20130226_153015_308: -0.016798794, -0.007941248, 0.01985312
20130226_153015_560: 0.015577064, 0.044593163, 0.013133603
20130226_153016_296: -0.02687807, 0.014049901, -0.0036651916
20130226_153016_302: 0.004581489, -0.01282817, -0.008857546
20130226_153016_309: 0.0018325958, 0.03726278, -0.01160644
20130226_153016_317: 0.003970624, 0.010995574, -0.0106901415
20130226_153016_405: -0.003970624, 0.014660766, 0.003970624
20130226_153016_556: -0.0421497, -0.006414085, 0.024740042
20130226_153016_873: -0.03848451, 0.016493361, 0.043066
20130226_153016_910: -0.067500606, 0.01740966, 0.046120327
20130226_153017_058: -0.03573562, 0.030543262, 0.017715093
20130226_153017_256: -0.004886922, 0.018325957, 0.013744468
20130226_153017_408: -0.02076942, -0.02687807, -0.004276057
20130226_153017_608: -0.042760566, -0.01282817, -0.011301007
20130226_153017_806: -0.019547688, 6.1086525E-4, -0.0067195175
20130226_153018_418: -0.0143553335, 0.0030543262, -0.029932396
20130226_153018_425: -0.019242255, 0.01282817, -0.0015271631
20130226_153018_433: -0.014660766, -0.021685716, 0.03573562
20130226_153018_507: -0.017715093, 0.037873644, -0.022602014
20130226_153018_707: -0.016493361, 0.020158553, 0.0027488936
20130226_153019_095: -0.0143553335, 0.022602014, 0.01160644
20130226_153019_115: -0.015577064, 0.032070424, 0.037873644
20130226_153019_257: -0.0027488936, 0.0070249503, 0.040927973
20130226_153019_407: -0.0021380284, 0.021991149, 0.008552114
20130226_153019_608: 0.027183503, 0.049785517, 0.04337143
20130226_153019_808: 0.05375614, 0.02107485, 0.018936822
20130226_153020_008: 0.0888809, 0.054367006, -0.040927973
20130226_153020_206: 0.076358154, -0.04917465, -0.017104227
20130226_153020_933: 0.13805555, 0.1853976, 0.095294975
20130226_153020_969: 0.106595986, 0.04734206, 0.06872234
20130226_153020_994: 0.05681047, -0.0290161, 0.0852157
20130226_153021_020: 0.06963864, -0.06780604, 0.05955936
20130226_153021_107: 0.06688975, -0.12034045, -0.008857546
20130226_153021_306: 0.0842994, 0.055588737, -0.093462385
20130226_153021_576: 0.046731193, 0.05955936, -0.013744468
20130226_153021_706: 0.03359759, -0.03145956, -0.007941248
20130226_153021_858: 0.023823744, 0.0106901415, -0.011911872
20130226_153022_057: 0.056199603, 0.030848695, -0.0030543262
20130226_153022_256: -0.0021380284, 0.02687807, -0.021991149
20130226_153022_407: -0.01740966, -0.018020526, 0.04428773
20130226_153022_558: -0.019547688, -0.020158553, 0.03176499
20130226_153023_138: -0.05467244, 0.037873644, -0.0012217305
20130226_153023_151: -0.02076942, 0.0012217305, -0.03573562
20130226_153023_160: 0.0018325958, 9.162979E-4, -0.03268129
20130226_153023_255: -0.025045475, 0.00580322, -0.03726278
20130226_153023_406: -0.03756821, 0.005192355, -0.043066
20130226_153023_779: -0.04428773, -0.007941248, -0.018020526
20130226_153023_803: -0.045814894, -0.008552114, -0.028405234
20130226_153023_957: -0.008246681, -0.016798794, 0.015577064
20130226_153024_155: -0.0027488936, 0.0027488936, -0.0018325958
20130226_153024_306: -0.005497787, 0.019547688, -0.021380283
20130226_153024_507: -0.026267206, 0.07849618, 0.018020526
20130226_153024_707: 0.007941248, 0.024740042, 0.036957346
20130226_153025_336: -0.049480084, -9.162979E-4, -0.0036651916
20130226_153025_349: -0.01740966, -0.013439035, -0.025045475
20130226_153025_361: -0.015577064, 0.04153884, -0.018020526
20130226_153025_406: -0.0067195175, 0.03390302, 0.03940081
20130226_153025_605: 0.039095376, 0.011911872, 0.0015271631
20130226_153025_948: -0.0070249503, -0.028710667, 0.02443461
20130226_153025_968: 0.011301007, 0.028099801, 0.020158553
20130226_153026_329: 0.0021380284, 0.016798794, 0.05375614
20130226_153026_342: 0.004276057, 0.037873644, 0.02107485
20130226_153026_506: -0.01160644, 0.011911872, 0.028099801
20130226_153026_658: -0.0070249503, 0.029626964, -0.02076942
20130226_153026_864: 0.0021380284, 0.020463986, 0.04642576
20130226_153027_007: -0.015271631, 0.04520403, 0.081855945
20130226_153027_206: 0.029626964, 0.032375857, 0.06536258
20130226_153027_405: -0.040317107, -0.029321533, -0.03481932
20130226_153027_850: -0.043676864, -0.018936822, -0.05589417
20130226_153027_857: 0.014660766, 0.015271631, -0.04520403
20130226_153027_905: -0.005497787, 0.06261369, -0.005497787
20130226_153028_056: -0.09162979, 0.15149458, -0.06627888
20130226_153028_206: -0.0571159, 0.065973446, -0.0030543262
20130226_153028_458: 0.014049901, -0.059253927, 0.10629055
20130226_153028_555: 0.03756821, -0.09773844, 0.12156218
20130226_153028_707: -0.022907447, -0.1133155, 0.11575896
20130226_153028_858: -0.04184427, 0.04917465, 0.12736541
20130226_153029_008: 0.026267206, -0.13897185, 0.15577064
20130226_153029_206: 0.1731803, 0.06627888, -0.08277224
20130226_153029_357: 0.06414085, 0.034513887, -0.13194689
20130226_153029_555: -0.14569137, 0.06505715, -0.109650314
20130226_153030_007: -0.12858713, -0.035430185, 0.042455133
20130226_153030_019: 0.1282817, 0.05131268, -0.116675265
20130226_153030_107: 0.11789699, 0.07696902, -0.12034045
20130226_153030_256: 0.07727446, -0.049480084, 0.15424347
20130226_153030_409: 0.10476339, -0.06963864, 0.11209377
20130226_153030_614: 0.05222898, -0.059864793, 0.11881329
20130226_153030_761: 0.1151481, -0.035430185, 0.06688975
20130226_153031_029: 0.11881329, 0.03970624, -0.081855945
20130226_153031_164: -0.14905111, 0.050396383, -0.046731193
20130226_153031_356: -0.12308934, 0.0720821, -0.03726278
20130226_153031_558: -0.13958271, 0.01160644, 0.051618114
20130226_153032_193: 0.059253927, -0.05497787, 0.16218472
20130226_153032_201: 0.17440203, -0.013744468, 0.10293079
20130226_153032_208: 0.16310102, 0.08032878, -0.13316862
20130226_153032_256: -0.1853976, -0.07696902, 0.16737708
20130226_153032_457: 0.036651913, -0.06780604, 0.11759156
20130226_153032_606: -0.20952678, 0.032070424, 0.115453534
20130226_153032_756: 0.06261369, 0.04642576, 0.08399397
20130226_153033_039: -0.14049901, 0.04795292, 0.027183503
20130226_153033_156: -0.12095132, -0.023518313, 0.13622294
20130226_153033_307: 0.14080444, 0.071776666, 0.013133603
20130226_153033_508: -0.22876903, 0.0027488936, 0.008246681
20130226_153033_708: 0.16035213, -0.014660766, 0.11789699
20130226_153033_858: 0.15668693, -0.020158553, 0.10415252
20130226_153034_056: 0.076052725, 0.05681047, 0.03848451
20130226_153034_692: 0.04550946, 0.029321533, -0.01863139
20130226_153034_704: -0.0852157, 0.006414085, 0.099571034
20130226_153034_715: 0.17195857, 0.03573562, 0.089186326
20130226_153034_855: -0.16279559, 0.04153884, -0.1160644
20130226_153035_243: -0.18020524, -0.0693332, 0.18325958
20130226_153035_262: 0.13836098, 0.02565634, -0.047647487
20130226_153035_356: 0.028099801, 0.009468411, -0.06963864
20130226_153035_507: -0.022907447, 0.050701816, 0.0018325958
20130226_153035_708: 0.04550946, -0.020463986, -0.056199603
20130226_153036_046: -0.007941248, 0.03268129, -0.017715093
20130226_153036_065: 0.0421497, -0.0290161, -0.05100725
20130226_153036_255: 0.014049901, 0.027794369, 0.073303826
20130226_153036_835: -0.06261369, 0.026267206, 0.06627888
20130226_153036_841: 0.03268129, -0.0106901415, -0.011301007
20130226_153036_850: -0.04520403, 0.008246681, 0.021991149
20130226_153036_957: 0.03848451, -0.009773844, -0.050396383
20130226_153037_106: -0.06536258, 0.027794369, 0.027488936
20130226_153037_257: 0.04062254, 0.0106901415, 0.030543262
20130226_153037_456: -0.076052725, 0.043982297, 0.055588737
20130226_153037_776: -0.03481932, 0.032375857, 0.044593163
20130226_153037_856: -0.023823744, 0.037873644, 0.037873644
20130226_153038_007: -0.043676864, -0.002443461, -0.0061086523
20130226_153038_206: -0.02107485, -0.006414085, -0.005497787
20130226_153038_359: 0.043982297, 0.023823744, -0.02107485
20130226_153038_556: 0.032070424, 0.004276057, -0.016187929
20130226_153038_707: -0.062002823, 0.016493361, 0.055588737
20130226_153038_905: -0.08093964, 0.021685716, 0.010079277
20130226_153039_339: 0.052839845, 0.007941248, 0.015271631
20130226_153039_351: 0.045814894, -0.006414085, 0.006414085
20130226_153039_456: -0.06414085, 0.005497787, 0.028099801
20130226_153039_611: 0.058337633, 0.021991149, -0.0421497
20130226_153039_984: 0.002443461, 0.0143553335, 0.060170226
20130226_153040_021: -0.0106901415, 9.162979E-4, -0.0580322
20130226_153040_105: 0.036651913, 0.0076358155, -0.058643065
20130226_153040_256: -0.027183503, 0.018325957, 0.0711658
20130226_153040_458: -0.070554934, 0.009773844, 0.052534413
20130226_153040_658: -0.07238753, 0.029626964, 0.06688975
20130226_153041_024: -0.07360926, 0.006414085, 0.06872234
20130226_153041_061: 0.05375614, 0.015882496, -0.061391957
20130226_153041_615: 0.028405234, -0.009773844, -0.047647487
20130226_153041_625: -0.014049901, 0.02321288, 0.021685716
20130226_153041_638: 0.0027488936, 0.005497787, -0.050701816
20130226_153041_705: -0.05100725, 0.008246681, 0.017715093
20130226_153041_906: -0.054061573, 0.02687807, 0.03940081
20130226_153042_105: -0.016798794, 0.023518313, 0.035430185
20130226_153042_350: -0.0421497, 0.014660766, 0.06780604
20130226_153042_456: 0.037873644, 0.027183503, -0.06872234
20130226_153042_607: -0.05681047, 0.027183503, 0.04734206
20130226_153042_807: -0.061391957, 0.015577064, 0.06872234
20130226_153043_006: -0.07788532, 0.0106901415, 0.07147124
20130226_153043_159: 0.0571159, 0.02107485, -0.04917465
20130226_153043_307: -0.062308256, 0.027794369, 0.064751714
20130226_153043_508: -0.082161374, 0.004581489, 0.067500606
20130226_153043_929: 0.05222898, 0.032375857, -0.053450707
20130226_153043_939: 0.055283304, 0.016187929, -0.051618114
20130226_153044_005: -0.07819075, 0.005192355, 0.060170226
20130226_153044_205: -0.07819075, 0.032375857, 0.04184427
20130226_153044_592: -0.062002823, 0.027488936, 0.03756821
20130226_153044_614: 0.048563786, 0.004276057, -0.009773844
20130226_153044_755: -0.034513887, -0.005192355, -0.01282817
20130226_153044_906: -0.08307768, 0.013744468, 0.013133603
20130226_153045_056: 0.059864793, -0.01038471, 0.003970624
20130226_153045_206: -0.06047566, 0.025045475, -0.020463986
20130226_153045_408: 0.043982297, 0.0290161, -0.018325957
20130226_153045_608: 0.022296581, 0.016493361, -0.02443461
20130226_153046_368: 0.051923547, 0.022296581, -0.034513887
20130226_153046_377: -0.08674286, 6.1086525E-4, 0.056199603
20130226_153046_385: 0.052839845, 0.012217305, -0.04428773
20130226_153046_393: 0.046731193, 0.01863139, -0.051923547
20130226_153046_455: -0.04184427, 0.04734206, 0.046731193
20130226_153046_607: -0.027183503, 0.0018325958, -0.014966198
20130226_153046_962: -0.018936822, -0.0036651916, -0.0076358155
20130226_153047_001: 0.031154128, -0.0067195175, -0.04184427
20130226_153047_156: 0.03970624, 0.030543262, -0.062308256
20130226_153047_307: -0.041233405, 0.026572637, 0.053450707
20130226_153047_507: -0.06627888, 0.01160644, 0.06291912
20130226_153047_657: 0.008246681, 0.015577064, -0.046120327
20130226_153047_856: 0.02076942, -0.0018325958, 0.050701816
20130226_153048_055: -0.059253927, 0.0012217305, 0.015577064
20130226_153048_581: -0.043066, -0.0018325958, 9.162979E-4
20130226_153048_588: 0.03848451, 0.02321288, -0.014049901
20130226_153048_605: 0.035430185, 0.012217305, -0.02321288
20130226_153048_757: -0.06536258, 0.003970624, 0.058948494
20130226_153048_906: 0.038789943, 0.002443461, -0.05955936
20130226_153049_161: 0.06169739, 0.03145956, -0.04734206
20130226_153049_308: 0.04795292, 0.013133603, -0.038179077
20130226_153049_507: 0.04337143, -0.00580322, -0.017104227
20130226_153049_706: 0.04795292, -0.0018325958, 0.0033597588
20130226_153049_858: -0.055283304, 0.01282817, -0.03481932
20130226_153050_008: 0.01160644, 0.016798794, 0.058643065
20130226_153050_207: 0.043066, -0.0076358155, 0.029321533
20130226_153050_777: -0.056199603, 0.0067195175, 0.015271631
20130226_153051_219: 0.04642576, 0.038179077, -0.02443461
20130226_153051_241: 0.03176499, 0.023518313, 9.162979E-4
20130226_153051_260: -0.06078109, -0.006414085, 0.009468411
20130226_153051_271: -0.07391469, 0.029932396, -0.014966198
20130226_153051_283: 0.044593163, -0.0021380284, 0.030543262
20130226_153051_406: -0.053145275, -0.0018325958, 0.03604105
20130226_153051_745: -0.06688975, 0.0021380284, 0.01160644
20130226_153051_806: -0.039095376, -0.0125227375, -0.01160644
20130226_153051_957: 0.024129177, 0.027488936, -9.162979E-4
20130226_153052_109: -0.06291912, -0.0015271631, 0.022296581
20130226_153052_306: -0.047036625, 0.0030543262, -0.002443461
20130226_153052_457: 0.029321533, 0.025961773, 3.0543262E-4
20130226_153052_657: 0.0070249503, 0.021380283, -0.044593163
20130226_153052_855: -0.011911872, 0.015271631, -0.06627888
20130226_153053_340: 0.05497787, 0.01160644, -0.039095376
20130226_153053_351: -0.0580322, 0.03726278, 0.057421334
20130226_153053_405: -0.054061573, 0.018020526, 0.061391957
20130226_153053_556: 0.009162978, 0.022907447, -0.04062254
20130226_153053_707: -0.0070249503, 0.017715093, 0.040927973
20130226_153054_040: -0.032986723, 0.03604105, 0.054061573
20130226_153054_105: -0.051923547, 0.015271631, 0.06841691
20130226_153054_256: 0.040927973, 0.013744468, -0.06383542
20130226_153054_407: -0.06352998, 0.01160644, 0.06872234
20130226_153054_606: -0.04886922, 0.029321533, 0.05497787
20130226_153054_805: -0.06811147, 0.026267206, -0.027794369
20130226_153054_957: 0.019547688, 0.0027488936, -0.053145275
20130226_153055_155: 0.026572637, -0.0021380284, 0.043066
20130226_153055_595: -0.032070424, 0.017104227, -0.047647487
20130226_153055_603: -0.04550946, 0.029321533, -0.048258353
20130226_153055_656: 0.022907447, 0.0027488936, 0.05467244
20130226_153055_807: -0.05955936, 0.037873644, -0.030543262
20130226_153055_956: 0.049785517, 0.034513887, -0.07819075
20130226_153056_205: 0.043066, -0.00580322, -0.021991149
20130226_153056_356: -9.162979E-4, -0.004276057, -0.03940081
20130226_153056_508: -0.064446285, 0.01282817, -0.008857546
20130226_153056_715: 0.036651913, 0.02107485, -0.013439035
20130226_153056_907: 0.03970624, 0.018325957, -0.03145956
20130226_153057_057: -0.076052725, -0.0021380284, 0.044898596
20130226_153057_257: -0.070249505, 0.005497787, 0.043066
20130226_153057_839: -0.06841691, 0.032070424, 0.028710667
20130226_153057_846: 0.04550946, -3.0543262E-4, -0.04734206
20130226_153057_854: 0.032375857, 0.011301007, 0.029932396
20130226_153057_958: -0.023823744, 6.1086525E-4, -0.053145275
20130226_153058_381: -0.01740966, 0.015271631, -0.04642576
20130226_153058_408: 0.03940081, -0.0036651916, -0.05467244
20130226_153058_558: 0.03970624, 0.018020526, -0.058337633
20130226_153058_757: 0.051923547, 0.01863139, -0.04642576
20130226_153058_907: -0.07574729, 0.0125227375, 0.052534413
20130226_153059_107: -0.06780604, 6.1086525E-4, 0.045814894
20130226_153059_307: -0.06780604, 0.025045475, 0.03145956
20130226_153059_505: -0.022907447, 0.025961773, 0.0571159
20130226_153100_036: 0.0070249503, 0.006414085, -0.038789943
20130226_153100_049: -0.070249505, 0.023823744, 0.048258353
20130226_153100_058: -0.053450707, 0.021991149, 0.050701816
20130226_153100_157: -0.0015271631, -0.02107485, -0.028405234
20130226_153100_355: 0.006414085, -0.0036651916, -0.04062254
20130226_153100_670: -0.025045475, 0.015882496, 0.05375614
20130226_153100_705: 0.0106901415, 0.014660766, -0.05681047
20130226_153100_811: -0.0571159, -0.004581489, 0.032986723
20130226_153101_257: -0.009468411, 0.026267206, 0.016493361
20130226_153101_267: -0.0580322, 0.021380283, 0.028405234
20130226_153101_307: -0.019547688, -0.003970624, -0.052839845
20130226_153101_508: 0.050396383, 0.0143553335, -0.051618114
20130226_153101_706: 0.04153884, 0.011301007, -0.052534413
20130226_153102_299: 0.070249505, 0.038179077, -0.035124753
20130226_153102_305: -0.08735373, -0.0018325958, 0.03145956
20130226_153102_314: -0.05955936, 0.03023783, 0.048563786
20130226_153102_456: -0.06872234, 0.025350908, 0.009773844
20130226_153102_606: 0.024740042, 0.016493361, 0.042455133
20130226_153102_806: -0.062308256, 0.029321533, 0.062308256
20130226_153103_228: -0.059253927, 0.0421497, 0.04734206
20130226_153103_248: -0.038179077, 3.0543262E-4, 0.010079277
20130226_153103_356: -0.05222898, 0.0015271631, 0.02443461
20130226_153103_556: -0.04550946, -9.162979E-4, 0.009773844
20130226_153103_707: 0.03634648, 0.010079277, -0.03359759
20130226_153103_908: 0.038789943, 0.020463986, -0.03023783
20130226_153104_108: 0.028405234, -0.015271631, -0.010079277
20130226_153104_306: -0.045814894, 0.018325957, 0.019547688
20130226_153104_913: -0.073303826, 0.017104227, 0.04795292
20130226_153104_920: 0.021380283, -0.016493361, -0.04795292
20130226_153104_927: 0.022602014, 0.00580322, -0.056505036
20130226_153105_056: 0.0290161, 0.011911872, -0.055283304
20130226_153105_256: 0.048258353, 0.0012217305, 0.009773844
20130226_153105_511: -0.0842994, -0.0067195175, 0.067500606
20130226_153105_557: 0.055283304, 0.015577064, -0.047036625
20130226_153105_707: -0.054367006, 0.033292156, 0.06169739
20130226_153106_272: -0.02321288, 0.03573562, 0.04062254
20130226_153106_294: -0.01160644, 0.003970624, -0.049480084
20130226_153106_318: 0.03848451, 0.0033597588, -0.062002823
20130226_153106_506: 0.026572637, -0.0070249503, -0.04153884
20130226_153106_656: -0.0015271631, 0.032375857, 0.008246681
20130226_153107_138: 0.0290161, 0.031154128, -0.018936822
20130226_153107_151: 0.015882496, 0.025961773, 0.018936822
20130226_153107_256: -0.019242255, 0.01038471, -0.04795292
20130226_153107_456: 0.043982297, 3.0543262E-4, -0.061086524
20130226_153107_656: 0.02565634, -9.162979E-4, -0.04337143
20130226_153108_098: 0.0143553335, -0.003970624, -0.03634648
20130226_153108_123: 0.0015271631, 0.03359759, 0.014660766
20130226_153108_205: -0.01740966, 0.021380283, 0.015577064
20130226_153108_357: -0.053145275, 0.00580322, 0.0067195175
20130226_153108_508: 0.03604105, 0.022907447, -0.007941248
20130226_153108_705: 9.162979E-4, 0.028710667, 0.034513887
20130226_153108_861: -0.01282817, 0.015271631, -0.050701816
20130226_153109_057: 0.025350908, -0.0018325958, -0.053145275
20130226_153109_255: 0.057421334, -0.015577064, -0.0015271631
20130226_153109_765: -0.08460484, 0.023823744, 0.0290161
20130226_153109_771: 0.020158553, 0.012217305, -0.013439035
20130226_153109_805: 0.028710667, -0.0015271631, -0.040317107
20130226_153109_957: -0.070554934, 0.027794369, 0.062308256
20130226_153110_310: 0.007330383, -0.005192355, -0.03634648
20130226_153110_327: -0.071776666, 0.0070249503, 0.01038471
20130226_153110_407: 0.03634648, 0.009468411, 0.03481932
20130226_153110_557: -0.016187929, 3.0543262E-4, -0.059253927
20130226_153110_757: -0.021685716, 0.009468411, -0.047647487
20130226_153111_298: 0.052534413, 0.007941248, -0.04795292
20130226_153111_333: -0.07360926, 0.008246681, 0.064446285
20130226_153111_361: -0.07574729, 0.0027488936, 0.03726278
20130226_153111_898: -0.062002823, 0.004581489, 0.030848695
20130226_153111_906: 0.050701816, 0.01038471, -0.043066
20130226_153111_913: 0.04886922, 0.011911872, -0.048563786
20130226_153112_056: 0.038789943, 0.009468411, 0.020158553
20130226_153112_206: -0.043066, 0.0061086523, -0.04337143
20130226_153112_406: -0.030848695, 0.0012217305, -0.05222898
20130226_153112_778: 0.044898596, 0.0015271631, -0.04795292
20130226_153112_806: 0.047647487, 0.018020526, -0.04886922
20130226_153112_957: -0.051618114, 0.029932396, 0.064446285
20130226_153113_108: 0.0015271631, -0.011911872, -0.026267206
20130226_153113_308: -0.004886922, 0.009773844, -0.031154128
20130226_153113_507: -0.005192355, -0.019242255, -0.01282817
20130226_153113_657: 0.06841691, 0.032070424, -0.051618114
20130226_153113_855: 0.02687807, 0.027794369, 0.007941248
20130226_153114_339: -0.05955936, -0.038179077, 0.0015271631
20130226_153114_349: 0.036651913, 0.022907447, -0.04917465
20130226_153114_358: -0.07147124, 0.055283304, 0.13194689
20130226_153114_506: -0.0070249503, 0.01863139, 0.08246681
20130226_153114_656: 0.002443461, 0.022602014, 0.026267206
20130226_153114_961: 0.0076358155, 0.0720821, 0.01282817
20130226_153115_006: 0.0106901415, -0.004581489, -0.004581489
20130226_153115_206: -0.011301007, 0.01160644, 0.01282817
20130226_153115_358: -0.019242255, 0.045814894, -0.005192355
20130226_153115_507: -0.0125227375, 0.09682214, -0.009162978
20130226_153115_709: -0.020463986, 0.029626964, -0.019547688
20130226_153115_907: 3.0543262E-4, -0.022296581, -0.025961773
20130226_153116_758: -0.01863139, 0.013439035, 0.0143553335
20130226_153116_769: -0.019547688, -0.032070424, 0.02076942
20130226_153116_776: -0.0015271631, 0.023518313, -0.034513887
20130226_153116_782: 0.0027488936, 0.040317107, 0.024129177
20130226_153116_788: -0.0033597588, 0.007941248, 0.033292156
20130226_153116_906: -0.01160644, 0.03940081, -0.034513887
20130226_153117_107: 9.162979E-4, 0.07727446, -0.01282817
20130226_153117_542: 0.025350908, 0.09437868, -0.013744468
20130226_153117_583: 0.0015271631, 0.09712757, -0.013439035
20130226_153117_656: -0.024740042, -0.100792766, 0.037873644
20130226_153117_856: 0.03481932, 0.02565634, 0.029932396
20130226_153118_064: 0.030543262, 0.02565634, -0.009468411
20130226_153118_257: 0.032375857, 0.09407325, -0.030848695
20130226_153118_407: 0.032070424, 0.010995574, -0.026267206
20130226_153118_607: 0.01160644, 0.02565634, -0.030848695
20130226_153119_197: 0.014966198, 0.058643065, -0.016798794
20130226_153119_206: 0.011301007, 0.052839845, -0.011301007
20130226_153119_218: 0.029626964, 0.007330383, -0.03726278
20130226_153119_356: 0.0067195175, -0.021991149, -0.018936822
20130226_153119_507: 0.025350908, 0.13530666, -0.044898596
20130226_153119_751: 0.05589417, -0.040927973, -0.0076358155
20130226_153119_857: 0.01863139, 0.0076358155, 0.029321533
20130226_153120_007: -0.01985312, 0.0021380284, 0.03145956
20130226_153120_206: -6.1086525E-4, -0.02321288, -0.024740042
20130226_153120_406: -0.034513887, -0.051618114, -0.013439035
20130226_153120_557: -0.011911872, 0.02107485, -0.00580322
20130226_153120_756: 0.0033597588, -0.027488936, -0.004581489
20130226_153121_670: -0.037873644, 0.04062254, 0.038179077
20130226_153121_678: 0.0106901415, 0.086437434, 0.0033597588
20130226_153121_688: -0.03756821, -0.07696902, -0.01160644
20130226_153121_694: 0.011301007, -0.109650314, -0.07574729
20130226_153121_755: -0.025961773, -0.043982297, 0.018936822
20130226_153121_906: -0.06566802, 0.121256754, -0.01985312
20130226_153122_058: -0.032070424, 0.0143553335, -0.023823744
20130226_153122_284: 0.0106901415, -0.05100725, 0.07086037
20130226_153122_457: 0.035124753, 0.05131268, -0.06261369
20130226_153122_657: -0.04550946, 0.17287487, 0.010995574
20130226_153122_856: -0.04062254, 0.06780604, 0.016493361
20130226_153123_006: -0.050396383, -0.05009095, 0.0061086523
20130226_153123_158: -0.042760566, 0.04550946, 0.006414085
20130226_153123_355: -0.007941248, -0.0143553335, -0.019547688
20130226_153123_837: -0.03145956, 0.04062254, -0.008857546
20130226_153123_844: -0.017715093, -0.040927973, 0.03390302
20130226_153123_855: -0.017715093, 0.04184427, 0.0012217305
20130226_153124_006: -0.04184427, -0.047647487, 0.002443461
20130226_153124_206: -0.008552114, -0.0076358155, -0.018936822
20130226_153124_443: 0.016798794, 0.03726278, -0.026267206
20130226_153124_555: -0.059864793, -0.07360926, -0.042760566
20130226_153124_758: -0.094989546, 0.05222898, -0.008857546
20130226_153124_956: -0.02107485, 0.043982297, 0.04795292
20130226_153125_159: -0.06352998, 0.03573562, 0.03604105
20130226_153125_306: -0.032986723, -0.022907447, 0.023823744
20130226_153125_456: -0.043676864, -0.025961773, -9.162979E-4
20130226_153126_086: -0.0018325958, 0.028405234, -0.021685716
20130226_153126_376: -0.007330383, -0.029932396, 0.015577064
20130226_153126_398: -0.058643065, -0.043982297, -0.031154128
20130226_153126_418: -0.03481932, 0.027488936, -0.048563786
20130226_153126_431: -0.038179077, 0.021380283, -0.034208454
20130226_153126_556: 0.019242255, -0.032986723, -0.01985312
20130226_153126_707: 0.03756821, -0.035124753, 0.0729984
20130226_153126_907: 0.0125227375, -0.025045475, 0.076358154
20130226_153127_108: -0.09621128, 0.14752395, 0.03940081
20130226_153127_312: -0.09712757, 0.03145956, 0.076052725
20130226_153127_506: -0.0012217305, 0.1459968, -0.021991149
20130226_153127_657: -0.039095376, 0.04917465, 0.016187929
20130226_153127_807: 0.00580322, -0.044898596, -0.0033597588
20130226_153128_006: -0.028099801, 0.0067195175, -0.07269296
20130226_153128_431: 0.002443461, 0.04428773, -0.040317107
20130226_153128_438: -0.05009095, 0.0036651916, -0.01740966
20130226_153128_555: -0.026267206, 0.092240654, -0.09101892
20130226_153128_706: -0.04184427, -0.022602014, -0.06841691
20130226_153129_051: -0.106595986, -0.0018325958, 0.03848451
20130226_153129_106: -0.074830994, 0.01740966, 0.05681047
20130226_153129_307: -0.07391469, -0.0070249503, 0.0021380284
20130226_153129_458: -0.113926366, 0.0033597588, 0.011301007
20130226_153129_609: -0.13347405, 0.033292156, -0.006414085
20130226_153129_807: -0.10598512, -0.00580322, 0.0036651916
20130226_153130_007: -0.08307768, 0.0125227375, -6.1086525E-4
20130226_153130_601: -0.10354166, 0.025045475, -0.016798794
20130226_153130_609: -0.13836098, -0.017104227, -0.022296581
20130226_153130_618: -0.108123146, -0.036957346, 0.026572637
20130226_153130_706: -0.124311075, 0.0125227375, 0.026572637
20130226_153130_856: -0.16065755, 0.005192355, 0.052534413
20130226_153131_293: -0.109650314, -0.024740042, 0.0076358155
20130226_153131_318: -0.12797627, 0.043676864, 0.009468411
20130226_153131_457: -0.14966199, -0.12461651, -0.02076942
20130226_153131_656: -0.13255776, -0.03023783, -0.062308256
20130226_153131_812: -0.07544186, 0.0076358155, -0.07971791
20130226_153132_007: -0.09621128, -0.0030543262, -0.053145275
20130226_153132_206: -0.07819075, -0.046731193, 0.01160644
20130226_153132_356: -0.09560041, -0.009468411, -0.07788532
20130226_153132_960: -0.12095132, 0.04062254, -0.12003502
20130226_153132_968: -0.15607607, -0.0021380284, -0.019547688
20130226_153132_975: -0.07666359, -0.007330383, 0.004276057
20130226_153133_109: -0.1255328, -0.021991149, 0.017715093
20130226_153133_506: -0.09468412, -0.014049901, 0.0027488936
20130226_153133_542: -0.14355333, 0.02321288, 0.01160644
20130226_153133_655: -0.083383106, 0.027794369, -0.039095376
20130226_153133_807: -0.054061573, -0.007330383, -0.00580322
20130226_153134_007: -0.07391469, -0.014049901, -0.0106901415
20130226_153134_206: -0.039095376, -0.08002335, -0.016493361
20130226_153134_356: -0.042760566, -0.0290161, 0.013744468
20130226_153134_508: -0.06994407, -0.023518313, 0.0143553335
20130226_153135_239: -0.03604105, 0.061391957, 0.005497787
20130226_153135_247: -0.07788532, 0.043982297, 0.014966198
20130226_153135_254: -0.07574729, -0.0870483, 6.1086525E-4
20130226_153135_308: -0.02107485, 0.01985312, 0.07269296
20130226_153135_506: -0.025350908, 0.044898596, 0.0018325958
20130226_153135_757: 0.016493361, 0.035124753, -0.01038471
20130226_153135_907: 0.003970624, 0.093462385, -0.022602014
20130226_153136_109: -0.05131268, -0.010995574, -0.006414085
20130226_153136_306: -6.1086525E-4, 0.022296581, -0.0015271631
20130226_153136_763: 0.06688975, 0.08368854, -0.010995574
20130226_153136_784: -0.05467244, 0.024129177, -0.02443461
20130226_153136_808: -0.05009095, -0.00580322, -0.013439035
20130226_153137_556: -0.06780604, 0.020463986, 0.05589417
20130226_153137_573: -0.02076942, 0.081855945, 0.010995574
20130226_153137_592: -3.0543262E-4, 0.08124508, -0.029932396
20130226_153137_604: -0.067500606, -0.013439035, -0.02687807
20130226_153137_706: -0.028405234, 0.032375857, 0.03756821
20130226_153137_906: -0.051618114, 0.009773844, 0.04062254
20130226_153138_106: -0.04184427, 0.052534413, 0.0061086523
20130226_153138_481: -0.022602014, -0.011911872, -0.006414085
20130226_153138_516: 0.014966198, -0.06414085, 0.03604105
20130226_153138_607: 0.014049901, 0.0571159, 0.010995574
20130226_153138_758: 0.12767084, 0.12034045, -0.03604105
20130226_153138_959: -0.009468411, 0.031154128, 0.006414085
20130226_153139_160: 0.022907447, 0.105374254, -0.019242255
20130226_153139_355: -0.027183503, -0.032070424, -0.0021380284
20130226_153139_506: -0.09101892, -0.03970624, 0.04062254
20130226_153139_962: -0.04184427, -0.06688975, 0.06536258
20130226_153139_968: 0.032375857, -0.03145956, 0.02107485
20130226_153140_056: -0.013439035, -0.01985312, 0.06169739
20130226_153140_206: -0.026572637, -0.011911872, 0.015271631
20130226_153140_618: -0.020463986, -0.04917465, -0.0030543262
20130226_153140_637: -0.008246681, -0.008246681, -0.009162978
20130226_153140_707: -0.013439035, -0.03634648, 0.02565634
20130226_153140_857: 0.011301007, -0.019242255, 0.062002823
20130226_153141_062: -0.018936822, -0.013133603, 0.05009095
20130226_153141_256: 0.028099801, -0.07086037, 0.018020526
20130226_153141_457: 0.0021380284, -0.025045475, 0.011911872
20130226_153141_606: -0.0021380284, -0.018936822, -0.013744468
20130226_153142_222: -0.055588737, 0.055588737, -0.007330383
20130226_153142_229: -0.027183503, 0.009162978, -0.03481932
20130226_153142_239: -0.05222898, -0.022907447, 0.014049901
20130226_153142_306: -0.03359759, -0.060170226, 0.003970624
20130226_153142_506: -0.0015271631, -0.053145275, 0.01985312
20130226_153142_877: -0.029321533, -0.12980886, 0.022602014
20130226_153142_903: 0.013133603, 0.014660766, 0.010995574
20130226_153143_057: -0.029932396, 0.077579886, 0.0027488936
20130226_153143_256: -0.12614368, 0.020463986, -0.016187929
20130226_153143_407: 0.004886922, -0.023518313, 0.0070249503
20130226_153143_607: -0.035430185, 0.0106901415, -0.01282817
20130226_153143_807: -0.026572637, -0.018020526, -0.018020526
20130226_153144_005: -0.03359759, 0.05681047, -0.012217305
20130226_153144_434: -0.04337143, 0.0852157, -0.027183503
20130226_153144_445: -0.0018325958, -0.032986723, -3.0543262E-4
20130226_153144_506: -0.04520403, 0.0061086523, 6.1086525E-4
20130226_153144_708: -0.039095376, -0.027488936, 0.022602014
20130226_153145_030: -0.0021380284, 0.034208454, 0.03359759
20130226_153145_105: 0.05222898, 0.004581489, 0.03756821
20130226_153145_257: 9.162979E-4, -0.02107485, 0.010995574
20130226_153145_456: 0.0076358155, -0.010079277, 0.021380283
20130226_153145_655: -0.0143553335, 0.032375857, 0.011911872
20130226_153145_807: -0.028099801, 0.01282817, 0.004276057
20130226_153146_008: 0.014049901, -0.05467244, 0.046731193
20130226_153146_546: 0.0015271631, -9.162979E-4, -0.052839845
20130226_153146_847: 0.021991149, 0.058948494, -0.06658431
20130226_153146_870: 0.009162978, -0.0076358155, -0.011301007
20130226_153146_897: 0.026572637, -0.020463986, -0.076358154
20130226_153146_908: -0.09040806, -3.0543262E-4, 0.025350908
20130226_153147_056: -0.06872234, -0.06414085, 0.023518313
20130226_153147_206: -0.07727446, -0.021991149, 0.06291912
20130226_153147_515: -0.07788532, 0.03726278, 0.036651913
20130226_153147_549: -0.08735373, 0.032986723, 0.04153884
20130226_153147_707: -0.02076942, 0.06169739, 0.002443461
20130226_153147_907: -0.051923547, -0.028099801, -0.0076358155
20130226_153148_116: -0.08857546, -0.018936822, 0.017715093
20130226_153148_307: -0.013744468, -0.06383542, 0.03176499
20130226_153148_506: -0.04337143, -0.04153884, -0.011911872
20130226_153149_014: -0.052839845, 0.03604105, -0.044898596
20130226_153149_023: -0.093767814, 0.011301007, -0.04184427
20130226_153149_106: -0.09560041, 0.05497787, -0.017715093
20130226_153149_256: -0.0888809, 0.057726767, -0.018936822
20130226_153149_456: -0.09132435, -0.03176499, -0.018020526
20130226_153149_704: -0.10415252, 0.012217305, 0.009468411
20130226_153149_808: -0.12217305, -0.01038471, -0.046731193
20130226_153149_958: -0.11636983, -0.01038471, -0.02076942
20130226_153150_108: -0.096516706, -0.035124753, -0.0070249503
20130226_153150_307: -0.05222898, -0.021380283, 0.014966198
20130226_153150_507: -0.009468411, 0.054061573, -0.02321288
20130226_153150_705: -0.051923547, 0.020158553, -0.022602014
20130226_153151_262: -0.01985312, 0.019242255, -0.016798794
20130226_153151_268: -0.036957346, -0.021991149, -0.022296581
20130226_153151_277: -0.049480084, -0.005192355, 0.0012217305
20130226_153151_406: -0.060170226, 0.0030543262, -0.007330383
20130226_153151_556: -0.057421334, -0.008552114, 0.0015271631
20130226_153151_804: -0.064446285, -0.039095376, 0.010995574
20130226_153152_108: -0.027794369, 0.014660766, 0.026572637
20130226_153152_156: -0.046731193, 6.1086525E-4, 0.0033597588
20130226_153152_307: -0.058643065, -0.03176499, 0.021380283
20130226_153152_507: -0.01863139, 0.0033597588, 0.018936822
20130226_153152_658: -0.043676864, -0.06352998, 0.011301007
20130226_153152_856: -0.048258353, -0.01160644, 0.034208454
20130226_153153_007: -0.030848695, -0.06811147, 0.040927973
20130226_153153_159: 0.0070249503, -0.038179077, 0.023823744
20130226_153153_663: -0.014660766, -0.014660766, 0.013439035
20130226_153153_672: 0.0018325958, -0.040011674, 0.025350908
20130226_153153_705: 0.007941248, 0.008246681, 0.007941248
20130226_153153_856: 0.0125227375, -0.038789943, 0.003970624
20130226_153154_007: -0.038789943, -0.08277224, 0.0033597588
20130226_153154_272: 0.037873644, -0.02321288, 0.019242255
20130226_153154_408: 0.01038471, -0.002443461, -0.003970624
20130226_153154_608: -0.01160644, 0.008552114, 0.014966198
20130226_153154_758: 0.00580322, 0.014966198, -0.017715093
20130226_153154_908: 0.012217305, -0.015271631, -0.024129177
20130226_153155_108: 0.016798794, -0.00580322, 0.006414085
20130226_153155_306: 0.05375614, 0.061086524, -0.025350908
20130226_153155_824: 0.031154128, -0.010995574, 0.018020526
20130226_153155_830: 0.030543262, -0.018936822, 0.04337143
20130226_153155_857: 0.053145275, -0.032070424, 0.013133603
20130226_153156_057: 0.0290161, 0.043066, 0.029932396
20130226_153156_399: 0.07574729, 0.03176499, -0.01985312
20130226_153156_455: 0.04734206, 0.025045475, -0.029321533
20130226_153156_900: 0.05467244, -0.003970624, 0.04153884
20130226_153156_915: 0.08093964, -3.0543262E-4, 0.03848451
20130226_153157_006: 0.05497787, 0.032070424, 0.022296581
20130226_153157_206: 0.057726767, 0.06078109, 6.1086525E-4
20130226_153157_357: 0.12858713, 0.3036, 0.023518313
20130226_153157_954: 0.08674286, 0.028099801, -0.01282817
20130226_153157_962: 0.06658431, -0.02107485, 0.005192355
20130226_153157_970: 0.06047566, -0.023518313, 0.009468411
20130226_153158_106: 0.08735373, -0.02443461, 0.01863139
20130226_153158_306: 0.07727446, -0.053450707, 0.03268129
20130226_153158_456: 0.07513642, -0.010995574, 0.0125227375
20130226_153158_656: 0.098043874, 0.070554934, 0.009773844
20130226_153158_937: 0.086132, 0.08368854, -0.008552114
20130226_153159_006: 0.053450707, 0.05375614, -0.012217305
20130226_153159_159: 0.09437868, 0.018020526, -0.019242255
20130226_153159_357: 0.0842994, -0.008857546, 0.03176499
20130226_153159_555: 0.07238753, 0.008857546, 0.023823744
20130226_153159_707: 0.05955936, -0.04520403, 0.03573562
20130226_153159_907: 0.0693332, 0.013439035, -0.010079277
20130226_153200_506: 0.025045475, 0.0061086523, 0.005497787
20130226_153200_513: -3.0543262E-4, 0.005497787, 0.009773844
20130226_153200_525: -0.014049901, -0.009773844, 0.055283304
20130226_153200_609: 0.01038471, 0.014966198, 0.0012217305
20130226_153200_762: 0.020158553, -0.013744468, 0.023823744
20130226_153200_911: 0.055588737, 0.016187929, 0.0061086523
20130226_153201_174: 0.02687807, 0.022602014, -0.018936822
20130226_153201_307: 0.014049901, 0.026267206, -0.06780604
20130226_153201_509: -0.06780604, 0.013439035, 0.0106901415
20130226_153201_867: 0.01160644, -0.054061573, 0.08460484
20130226_153201_907: -0.03268129, 0.02107485, -0.03604105
20130226_153202_107: 0.016493361, -6.1086525E-4, 0.0106901415
20130226_153202_721: -0.050701816, -0.023823744, -0.060170226
20130226_153202_729: -0.05100725, -0.0061086523, 0.038179077
20130226_153202_739: 0.03268129, 0.033292156, 0.021380283
20130226_153202_806: 0.01740966, 0.03756821, 0.040011674
20130226_153202_956: -0.010079277, -0.013439035, -0.01282817
20130226_153203_112: 0.006414085, -0.043676864, -0.016493361
20130226_153203_488: -0.0012217305, 0.017715093, 0.05009095
20130226_153203_509: -0.032070424, -0.03176499, 0.06566802
20130226_153203_657: 0.005497787, -0.08582657, 0.01740966
20130226_153203_857: 0.029321533, -0.05009095, 0.021685716
20130226_153204_056: -0.07941248, 0.024740042, 0.0018325958
20130226_153204_206: -0.043676864, 0.01038471, 0.022602014
20130226_153204_357: -0.024740042, 0.021380283, -0.015882496
20130226_153204_555: -0.064446285, 0.007941248, 0.02687807
20130226_153204_983: -0.09315695, 0.003970624, 0.03176499
20130226_153204_992: -0.014049901, -0.111177474, -0.027183503
20130226_153205_056: -0.01863139, 0.073303826, -0.020158553
20130226_153205_206: -0.059864793, 0.113926366, -0.03573562
