20130226_152815_474: -0.11108313, 0.6130033, 0.73379594
20130226_152815_485: -0.17685996, 0.5052011, 0.7692834
20130226_152815_509: -0.14835925, 0.60705113, 0.761649
20130226_152815_665: -0.15104046, 0.45933542, 0.8682138
20130226_152815_825: -0.15249008, 0.4900389, 0.7771505
20130226_152816_204: -0.15974633, 0.5515937, 0.7426143
20130226_152816_227: -0.23322307, 0.5642042, 0.75339466
20130226_152816_381: -0.14149697, 0.6302923, 0.83318275
20130226_152816_579: -0.16211013, 0.5218775, 0.8350968
20130226_152816_729: -0.14122517, 0.55942017, 0.8052403
20130226_152816_929: -0.09489772, 0.5016566, 0.68530256
20130226_152817_079: -0.12427345, 0.51157415, 0.72252023
20130226_152817_262: -0.161473, 0.57395285, 0.8460449
20130226_152817_770: -0.10427637, 0.38928515, 0.6425167
20130226_152817_776: -0.13829613, 0.49332595, 0.7293922
20130226_152817_810: -0.11888708, 0.42359835, 0.7022908
20130226_152817_971: -0.049717095, 0.3792603, 0.71580815
20130226_152818_127: -0.10000819, 0.37300885, 0.61664546
20130226_152818_350: -0.12272739, 0.4177543, 0.5782517
20130226_152818_482: -0.14170155, 0.49417555, 0.5856293
20130226_152818_631: -0.14702187, 0.4910244, 0.7055951
20130226_152818_778: -0.10987141, 0.4439137, 0.63512135
20130226_152818_919: -0.09140052, 0.46567574, 0.61263156
20130226_152819_138: -0.0575304, 0.45674425, 0.60080904
20130226_152819_364: -0.008893501, 0.43087125, 0.5461065
20130226_152820_001: -0.16022389, 0.40772742, 0.7092223
20130226_152820_008: -0.077695236, 0.36666563, 0.62234163
20130226_152820_014: -0.058104984, 0.43000206, 0.614061
20130226_152820_063: -0.076685764, 0.3647326, 0.6138538
20130226_152820_637: -0.006143325, 0.26909196, 0.5557146
20130226_152820_661: -0.152085, 0.35552785, 0.54749244
20130226_152820_681: -0.0056464816, 0.1818173, 0.5532915
20130226_152820_821: 0.025715457, 0.08622078, 0.3607038
20130226_152821_081: -0.06305939, 0.043889705, 0.32121348
20130226_152821_170: -0.067851886, 0.17735447, 0.108919516
20130226_152821_362: 0.0017769466, 0.12639, 0.14229776
20130226_152821_531: 0.058812257, 0.3145403, 0.6590046
20130226_152821_683: -0.30520576, -0.63607967, 0.22669074
20130226_152821_829: 0.14915012, 0.9142291, 1.2066739
20130226_152822_013: 0.008897592, -0.047696404, -0.103762574
20130226_152822_166: 0.48199794, 0.121095404, 0.07814824
20130226_152822_668: 0.01695698, 0.23081335, 0.2301026
20130226_152822_675: -0.8503981, 0.15910657, 0.70175683
20130226_152822_683: 0.3251023, 0.5248621, 0.6147601
20130226_152822_821: -0.9596628, 0.2112062, 0.6506211
20130226_152822_970: -0.59867436, -0.13485442, 0.050976153
20130226_152823_325: 0.5713994, 0.079498485, -0.16747196
20130226_152823_355: 0.41859776, 0.4333581, 0.6088646
20130226_152823_482: 0.60391986, 0.3611378, 0.41308916
20130226_152823_629: 0.100139126, 0.38939592, 0.7223609
20130226_152823_826: 0.55842185, 0.3666434, 0.4881666
20130226_152823_981: 0.4973007, 0.44077745, 0.53772473
20130226_152824_170: 0.59618956, 0.43435237, 0.60721743
20130226_152824_331: -0.20067339, 0.3245175, 0.68268067
20130226_152824_861: 0.46528935, 0.38988954, 0.67246586
20130226_152824_870: -0.9196388, 0.13470075, 0.78592855
20130226_152824_876: -1.06205, 0.18907677, 0.8539552
20130226_152825_018: -1.0622072, -0.032434534, 0.27830052
20130226_152825_521: -0.99403095, -0.062599376, 0.36093205
20130226_152825_742: -1.1222984, -0.08310122, 0.40643686
20130226_152825_763: 0.095592715, -0.20853315, -0.53858197
20130226_152825_817: -0.04035656, -0.29827246, -0.558137
20130226_152826_011: 0.8180407, -0.11731325, -0.6803215
20130226_152826_166: 0.10508885, 0.6555694, 0.9936232
20130226_152826_368: -0.03866437, 0.37144527, 0.82709676
20130226_152826_518: -1.0375276, 0.056786593, 0.60311025
20130226_152826_679: -0.1112012, -0.25577772, -0.30964464
20130226_152827_325: -0.81243515, -0.14829525, 0.12206454
20130226_152827_332: -0.12086744, -0.16846155, -0.25188246
20130226_152827_342: -0.91293204, 0.12184973, 0.27817515
20130226_152827_409: -1.0304747, 0.034496143, 0.63377666
20130226_152827_570: 0.58142275, -0.3729279, -0.63207465
20130226_152827_971: 1.0602064, 0.25775108, 0.25728813
20130226_152828_001: -0.4876818, 0.3290902, 0.9690619
20130226_152828_162: 0.83006436, -0.21270226, -0.9573212
20130226_152828_319: -0.68725806, 0.5950269, 1.5386405
20130226_152828_471: 0.8877801, -0.41732058, -1.0440664
20130226_152828_672: 0.042891048, 0.82288057, 1.1951962
20130226_152828_823: 0.6049381, -0.29924423, -1.2266988
20130226_152828_981: -1.3181319, 0.2705784, 0.8786448
20130226_152829_512: 0.98031336, 0.5469553, 0.5082631
20130226_152829_519: 1.1789771, -0.273029, -0.75442123
20130226_152829_526: -0.5208441, -0.414125, -0.6863228
20130226_152829_671: -1.2495418, 0.19244975, 0.8530781
20130226_152829_867: 0.14034721, 0.65436643, 1.3763331
20130226_152830_089: 2.1142695, 0.38843176, 0.014559564
20130226_152830_513: 0.36060852, 0.21853578, 0.14144523
20130226_152830_531: -1.4174855, 0.042338673, 0.7434245
20130226_152830_567: 0.21549627, -0.36331338, -0.9537534
20130226_152830_767: -1.5953672, -0.061080784, -0.3527923
20130226_152830_978: 0.5757763, -0.1452587, -0.5591975
20130226_152831_163: 0.82985336, 0.4376555, 0.8321356
20130226_152831_617: 0.8210563, 0.65289694, 1.471428
20130226_152831_625: -1.2274796, 0.16911621, 0.7719474
20130226_152831_716: -1.1428105, -0.17667584, -0.059116792
20130226_152831_874: -1.205878, 0.22226708, 0.53395635
20130226_152832_071: -1.4290496, 0.49026248, 0.85145783
20130226_152832_219: -0.8524644, 0.83332455, 1.2277695
20130226_152832_602: -0.1698568, 0.6406094, 1.33575
20130226_152832_612: 1.2033067, 0.43621057, 0.48490852
20130226_152832_779: 1.1809523, -0.011815854, -0.8291151
20130226_152832_982: -0.38712358, -0.4940247, -0.72537297
20130226_152833_146: -0.98390585, -0.3487547, -0.27753466
20130226_152833_331: -1.2009376, 0.113597445, 0.48240075
20130226_152833_534: -1.344256, 0.34470367, 0.94435066
20130226_152833_711: -1.0655998, 0.59135437, 0.8977228
20130226_152833_911: -0.2454314, 0.70054513, 1.3501775
20130226_152834_111: 1.0735563, 0.49784958, 0.713423
20130226_152834_757: 1.2388679, 0.3587252, 0.32359016
20130226_152834_776: 1.2030723, 0.0901967, -0.09874737
20130226_152834_795: 0.6404881, -0.21531244, -0.6835519
20130226_152834_804: 0.13382103, -0.5946155, -0.6608803
20130226_152834_978: -0.2723726, -0.34870705, -0.8060668
20130226_152835_170: -0.27649406, -0.5206024, -0.8018682
20130226_152835_617: 0.13505554, -0.3785179, -0.6556889
20130226_152835_636: 0.8462129, 0.18295565, 0.13088848
20130226_152835_713: 1.004467, 0.5499445, 0.9555238
20130226_152835_950: 0.43820205, 0.32270342, 1.8747952
20130226_152836_362: -0.9708149, 0.08191577, 0.6700898
20130226_152836_372: -0.5048522, -0.744588, -1.5449276
20130226_152836_468: 0.69741356, 1.0887308, 1.5377102
20130226_152836_619: -0.5867828, 0.15842238, 0.60914165
20130226_152836_818: 0.022001404, -0.41314512, -1.2981215
20130226_152837_232: 0.58719784, 1.1255949, 1.7757275
20130226_152837_249: -1.0444839, 0.0120750535, 0.37544045
20130226_152837_380: 0.7016332, 0.88587564, 0.9689695
20130226_152837_579: -0.8905098, 0.15472646, 0.55390704
20130226_152837_789: -0.07574469, -0.44968644, -1.3121684
20130226_152837_982: -0.5736837, 0.66950756, 1.1585765
20130226_152838_136: 0.011390578, 0.640693, 1.0226929
20130226_152838_310: -0.7013731, -0.49627838, -0.7847591
20130226_152838_870: 0.68942255, -0.10038378, -1.0628899
20130226_152838_876: 0.46274143, 0.7352157, 1.7144822
20130226_152838_884: 0.4342729, -0.30213702, -1.3802465
20130226_152838_962: 0.2681956, 0.3849594, 1.5424703
20130226_152839_122: -0.67020696, -1.460547, -1.8199703
20130226_152839_268: 0.47635436, 0.7500541, 2.8575711
20130226_152839_503: 0.7310662, -0.047738194, 0.40436727
20130226_152839_678: -0.73350954, 0.32690644, 0.7328963
20130226_152839_828: -0.6613327, -0.7423636, -1.7581445
20130226_152840_036: 0.5399176, 1.3123081, 2.5563176
20130226_152840_213: 0.0070540104, -0.39560938, -0.7499128
20130226_152840_632: 0.28343877, 0.325133, 1.6553441
20130226_152840_642: 0.3018623, 0.9918714, 1.9242461
20130226_152841_190: -0.31436288, 0.30877575, 0.9864418
20130226_152841_196: -0.2901403, 0.41360506, 0.5665324
20130226_152841_203: -0.5642881, 0.08415248, 1.0961887
20130226_152841_212: 0.40656713, 0.7363655, 0.6928826
20130226_152841_368: 0.16442718, 0.5681389, 1.3138992
20130226_152841_520: -0.20676, 1.0734313, 0.77845895
20130226_152841_720: -0.37377486, 0.5452619, 0.91154027
20130226_152841_888: -0.31458968, 0.80746555, 0.5337983
20130226_152842_080: -0.2995207, 0.8763111, 1.2225202
20130226_152842_278: -0.30798927, 0.73575115, 1.2135057
20130226_152842_434: -0.46882513, -0.8464684, -2.454635
20130226_152842_637: -0.59380233, -0.32850453, -0.33674613
20130226_152842_821: -0.06116437, 0.5675383, 0.8294947
20130226_152843_452: 0.04557225, -0.6411609, -1.0318489
20130226_152843_462: -0.7745073, 0.011672026, 0.37502313
20130226_152843_468: 0.4485054, 0.11079671, 0.33393005
20130226_152843_512: 0.82053316, -0.47789165, -0.75698596
20130226_152843_668: -0.41855744, -0.2774939, -0.15202889
20130226_152843_823: -0.69989544, 0.16887422, 0.9426849
20130226_152844_177: 0.90935826, -0.10755641, 0.19418621
20130226_152844_213: 0.41267598, -0.4286229, -0.7950125
20130226_152844_380: 0.28186524, 0.3219202, -0.05673852
20130226_152844_529: 0.031004796, 1.0181395, 2.7191594
20130226_152844_739: 0.78939974, 1.5142367, 3.3286605
20130226_152844_930: -1.1938556, -0.07698124, 0.09565723
20130226_152845_133: 0.015692076, -0.11942301, -0.39053982
20130226_152846_028: 0.75836104, 1.3369027, 2.3394012
20130226_152846_036: -0.17986557, 0.48454908, 1.2073272
20130226_152846_043: -0.40706572, -1.262437, -1.5155733
20130226_152846_051: -0.11059388, -0.3683358, -0.4989704
20130226_152846_058: 0.6906851, 0.29823038, -0.0418525
20130226_152846_182: -0.13315292, -0.5159145, -0.14749913
20130226_152846_369: -0.21000703, 0.41641954, 0.57406676
20130226_152846_628: -0.5333926, 0.6729992, 1.8013872
20130226_152846_667: -0.6387404, -0.20572774, -1.9536937
20130226_152846_828: -1.0962527, 1.2062734, 1.280738
20130226_152847_029: 1.8847078, 0.3913567, -0.5714736
20130226_152847_210: 0.023149405, 1.3348343, 0.57659864
20130226_152847_381: -0.8163614, 1.5855297, 0.5985022
20130226_152847_531: -0.4192343, 0.3371423, -0.7399549
20130226_152847_770: 0.42601183, 1.2694358, -0.83157396
20130226_152848_200: -0.6278373, 2.3151977, 1.3574775
20130226_152848_207: 0.33674717, 1.1443688, -0.8680109
20130226_152848_216: -1.0076363, 1.0604273, -0.3678419
20130226_152848_370: -1.3080314, 0.62396866, -0.82695377
20130226_152848_520: -0.81545717, -0.31078124, -2.9589858
20130226_152848_854: -0.54641455, 0.17200229, -2.2632267
20130226_152848_911: -0.039120883, 0.49574736, -2.0554357
20130226_152849_079: 0.5846599, 1.0613672, -0.995615
20130226_152849_280: 0.39247197, 2.0749793, 1.154858
20130226_152849_470: -0.5025766, -0.18624242, -3.0485873
20130226_152849_628: 0.80575, 1.5377383, 0.8834626
20130226_152849_843: 0.2875263, 1.596611, -0.048661303
20130226_152850_563: -0.46500528, 0.5008555, -0.76673007
20130226_152850_571: -0.17396833, 0.9931565, -0.19234833
20130226_152850_577: 0.22897476, 0.56613404, -1.1420989
20130226_152850_594: -0.37253568, 0.84052175, -0.73503673
20130226_152850_662: -0.50882167, 0.5521847, -0.2692175
20130226_152850_818: -0.60882574, 0.5694889, -0.09488749
20130226_152851_229: 0.4008283, 1.7202315, 0.31407523
20130226_152851_249: -0.20676818, -0.3507453, -3.1401393
20130226_152851_361: 0.4128747, 1.8357612, 1.2005471
20130226_152851_517: -0.8688877, 1.1855352, -0.5478124
20130226_152851_678: -0.86458504, 0.75918114, -0.78967154
20130226_152851_880: -0.61386955, 1.0990155, -1.1262707
20130226_152852_080: -0.62564653, 0.8150389, -1.2029171
20130226_152852_265: -0.5812346, 1.5461594, -1.4018208
20130226_152852_912: -0.6284148, 2.1869466, 0.030016223
20130226_152852_920: 0.47154784, 1.4700739, -1.6909431
20130226_152852_926: 1.3289281, 1.8540827, -1.803823
20130226_152853_019: 1.2052239, 1.725107, -1.6989561
20130226_152853_211: 1.2601006, 1.753448, -1.1320475
20130226_152853_422: -0.79732, 2.0587099, 0.6870906
20130226_152853_579: -1.0918553, 2.0221498, 0.39065674
20130226_152853_729: 0.4765344, 1.5012733, -0.26469868
20130226_152853_941: -0.25432724, 2.2189672, 2.5628932
20130226_152854_136: 0.77884036, 1.2755235, -0.90339655
20130226_152854_332: -1.6519144, 1.669675, 0.3393651
20130226_152854_511: -0.64417005, 1.2309142, -1.4687519
20130226_152855_074: 0.53549457, 2.4022782, 1.4833795
20130226_152855_088: -0.4178455, 1.5489988, 0.22383009
20130226_152855_094: 0.23555356, 2.1812677, -0.52995867
20130226_152855_226: 0.33598787, 1.8131882, -0.35679364
20130226_152855_368: -0.005097031, 1.6904982, -0.17795871
20130226_152855_579: 0.09352642, 1.5818524, 0.07359876
20130226_152855_733: -0.027146365, 2.145953, 0.86362964
20130226_152855_880: -0.38772273, 0.9905495, -1.9042304
20130226_152856_087: -1.2733301, 1.7965335, 0.7251766
20130226_152856_327: 0.26094052, 1.6485311, -0.34105888
20130226_152856_479: 0.31339785, 1.4332048, 0.32736558
20130226_152856_661: -0.2857593, 1.7732059, 1.8638086
20130226_152857_238: -0.09651976, 1.5475408, 0.78379947
20130226_152857_244: -1.1915596, 0.8799784, 1.1793214
20130226_152857_256: -0.9928835, 1.2930906, 2.0234754
20130226_152857_368: -1.2584014, 1.3336797, 1.3584777
20130226_152857_622: -0.7243056, 2.0232275, 1.9489691
20130226_152857_729: -1.167676, 0.39470148, -0.49293023
20130226_152857_890: -0.99807584, 1.594811, 1.08306
20130226_152858_029: -0.40184888, 1.4854966, 1.9179497
20130226_152858_217: 0.3448726, 1.002683, 0.76006466
20130226_152858_378: -0.72929454, 1.4950086, 0.7920564
20130226_152858_528: -0.20010348, 1.2503169, 1.071239
20130226_152858_710: -0.3034224, 0.71997607, 0.19067396
20130226_152859_217: -1.1225427, 1.4620672, 1.6300578
20130226_152859_225: -0.7581576, 1.5550866, 1.3498212
20130226_152859_262: -0.7872522, 1.1273394, 1.2294064
20130226_152859_418: -0.79452014, 1.0734704, 2.574158
20130226_152859_618: -0.59266895, 1.6597899, 0.9375822
20130226_152859_872: -0.5682172, 1.8387787, 1.0557041
20130226_152859_979: -0.7173025, 1.5968981, 1.2908587
20130226_152900_163: -0.0033908116, 1.4662546, 1.2440444
20130226_152900_329: -0.32362112, 1.3813741, 1.5759403
20130226_152900_529: -0.06735212, 1.4302444, 1.3841251
20130226_152900_693: -0.47420624, 1.7952517, 1.7505357
20130226_152901_961: -0.10717326, 1.6529636, 0.84771764
20130226_152901_979: -0.27037528, 1.5113746, -0.24971506
20130226_152902_389: -0.79231477, 1.1245183, -0.5041678
20130226_152902_397: -0.7823148, 1.9713578, 0.70584685
20130226_152902_403: 0.41944298, 1.9421756, 0.13705738
20130226_152902_410: -0.026980361, 1.7478662, -2.0039063
20130226_152902_418: -0.4307523, 1.7160628, 0.22410671
20130226_152902_425: -0.02653671, 2.4823656, -1.0842754
20130226_152902_431: 1.0204607, 2.3429718, 0.68904275
20130226_152902_440: 1.4853104, 1.9565377, 0.043387454
20130226_152902_459: 0.4617355, 2.5078106, -0.278259
20130226_152902_622: 0.35454175, 1.9848622, -0.78940034
20130226_152902_824: 0.90482175, 2.6695483, 0.07749621
20130226_152903_023: -0.84409344, 1.5545115, -0.16788185
20130226_152903_219: 0.034676176, 2.6207864, 0.52833486
20130226_152903_379: 0.21777941, 2.0050502, -0.814928
20130226_152903_539: 0.11553134, 1.7126672, -0.03401523
20130226_152903_716: 0.116472416, 1.8382136, -0.74928457
20130226_152903_878: -0.13883798, 2.2610717, 0.48395285
20130226_152904_028: -0.2306237, 1.3450377, 0.16802783
20130226_152904_212: -0.5087649, 2.3463912, 0.6653766
20130226_152904_793: -0.808364, 2.2371535, 0.46173987
20130226_152904_801: -0.095140874, 2.639358, 0.67963237
20130226_152904_810: -0.19509295, 2.1655505, -0.6203502
20130226_152904_967: 0.9876497, 2.3452687, -0.40592897
20130226_152905_123: -0.025564065, 1.6760175, 0.31226605
20130226_152905_330: -0.44002342, 2.2856097, -0.1862427
20130226_152905_480: -0.6685212, 2.2145302, -0.18293197
20130226_152905_683: -0.14807752, 2.0419254, -0.89438415
20130226_152905_837: -0.4466893, 1.9778137, -1.2578797
20130226_152906_028: 0.035558805, 0.9740306, -0.9178055
20130226_152906_218: -1.0498499, 2.2580204, -0.8014558
20130226_152906_411: -1.9911733, 2.3761213, 0.35953227
20130226_152906_924: 0.37220132, 1.6379663, -2.0300708
20130226_152906_932: 0.21198855, 2.5896401, -1.0331694
20130226_152906_938: 0.3070067, 0.8934417, -0.7801521
20130226_152907_072: -2.3735008, 1.4709303, 0.15435638
20130226_152907_271: -1.3137504, 2.488463, -2.3435135
20130226_152907_431: 0.03551438, 1.3736525, -0.5593845
20130226_152907_567: 0.5524287, 0.33679977, -1.8502932
20130226_152907_730: 0.044565704, 1.204308, -1.3688
20130226_152907_879: -0.18211773, 1.4234905, -1.7113454
20130226_152908_081: 0.51030517, 0.55217594, -2.6492462
20130226_152908_278: -0.5386533, 0.79301846, -1.3698924
20130226_152908_431: -0.2626777, 1.1552944, -1.0620661
20130226_152908_989: 0.15473054, 0.7264388, -1.6754496
20130226_152908_996: 1.12177, 0.46239772, -1.2024834
20130226_152909_002: 2.1521535, 0.65361446, -2.038622
20130226_152909_111: 3.3794508, 0.79716307, -2.4267952
20130226_152909_269: 2.8042848, 0.6401009, -2.0882053
20130226_152909_684: 3.2641943, 0.2442112, -2.405718
20130226_152909_708: 0.95200086, 0.21516514, -1.4244734
20130226_152909_867: 0.44268826, 1.1914357, -0.72110873
20130226_152910_067: -1.0625545, 0.9091832, -0.019365722
20130226_152910_268: 3.3347402, 0.7150763, -1.5918374
20130226_152910_467: -2.6700153, 1.5338106, 1.3798623
20130226_152910_668: 3.0949452, 0.1504688, -2.2630882
20130226_152910_867: -3.4049985, 1.4757197, 0.8221347
20130226_152911_265: 3.6666245, 0.13284136, -2.2191908
20130226_152911_277: 3.759141, 0.47604692, -2.2612417
20130226_152911_368: -1.1309359, 0.3690993, -0.17080045
20130226_152911_520: -3.0887282, 1.1083245, 0.90310687
20130226_152911_668: -3.1616182, 1.002847, 0.5814226
20130226_152911_956: -3.7639434, 1.5175056, 1.6713232
20130226_152912_017: 6.0172105, -0.16431758, -4.229975
20130226_152912_172: 2.725414, 0.9296742, -1.351315
20130226_152912_328: -0.81058985, 0.81474227, -0.64329636
20130226_152912_521: 3.382205, 0.56846803, -2.3696308
20130226_152912_729: 2.0724761, -0.23075347, -1.7567444
20130226_152912_929: -1.8817875, 1.2008657, -0.04675167
20130226_152913_498: -1.5230285, 1.1641026, -0.21163157
20130226_152913_509: -0.22658992, 0.34641925, -0.19420272
20130226_152913_515: -1.6340175, 0.37077275, 0.47502553
20130226_152913_620: -2.0786347, 0.6578443, -0.63506293
20130226_152913_823: 2.6152894, 1.2235814, -0.5286888
20130226_152914_162: -2.6809938, 1.6591136, 1.1161662
20130226_152914_175: -2.800975, 0.62010294, -0.2335206
20130226_152914_332: -0.46633917, 0.9051155, -0.7693464
20130226_152914_528: -1.606638, 0.97982854, -0.50113446
20130226_152914_722: 1.3813597, 0.9358234, -0.8296014
20130226_152915_678: 0.91855395, 0.33757982, -0.5116068
20130226_152915_696: 1.6066362, 0.17119126, -0.0059145577
20130226_152915_724: -0.79405665, -0.220012, -0.33104268
20130226_152916_166: 1.7966338, 0.23620121, -1.2848246
20130226_152916_174: -1.5735786, 0.21408173, -0.07918938
20130226_152916_181: -0.5997428, 0.32789955, -0.016366595
20130226_152916_188: 0.84177816, 1.0556266, -0.27972245
20130226_152916_197: 0.1964923, 0.66538113, 0.10503201
20130226_152916_371: -0.32013038, 0.38485914, 0.16063005
20130226_152916_571: -1.0262626, 1.3046023, 0.40400442
20130226_152916_771: -0.5577748, 1.432133, 0.5183389
20130226_152917_145: 0.16912732, 0.03758651, 1.1118959
20130226_152917_158: 0.90594584, 0.35843527, -0.24308439
20130226_152917_329: 0.47044954, 0.68548346, -1.1394234
20130226_152917_480: -0.61995035, 0.44702014, -1.3016844
20130226_152917_688: -1.0545185, -0.06781097, -1.3071012
20130226_152917_879: 0.7061568, 1.694733, 1.3084112
20130226_152918_028: -1.0703987, -0.4433385, -0.61034244
20130226_152918_202: 0.9567548, 1.3793013, 1.4797138
20130226_152918_695: 0.29071897, 0.08728373, 0.5455655
20130226_152918_704: 0.2033844, 0.016086956, 0.21861148
20130226_152918_711: -0.2685048, 0.33001727, 0.24054186
20130226_152918_871: -0.5368179, -0.8324039, -0.24836737
20130226_152919_071: 0.22610009, 0.8987542, 0.280232
20130226_152919_311: -1.1823359, 0.33525458, 0.069891945
20130226_152919_367: -0.2702163, 0.2396759, 0.6513215
20130226_152919_529: 0.5611983, 0.2881619, -0.66533184
20130226_152919_729: -0.609647, 0.37626815, -0.3850877
20130226_152919_910: -0.20207156, 0.0838409, 0.07723419
20130226_152920_069: 0.28220308, 0.21527182, -0.45447534
20130226_152920_227: -0.06600305, -0.56170356, 0.20245054
20130226_152920_419: -0.48220018, 0.2464926, 0.35315418
20130226_152920_953: 0.48299044, -0.4353566, -0.2011597
20130226_152920_959: -0.30646074, -0.14297377, 0.107210085
20130226_152920_968: 0.37990123, 0.39536273, -1.3582857
20130226_152921_124: 0.36828738, 0.055667456, -1.4127421
20130226_152921_516: 0.2182371, -0.47555417, -1.1548882
20130226_152921_552: -0.18152854, 0.30447367, -0.69974923
20130226_152921_667: -0.4769833, -0.50156975, -0.12885916
20130226_152921_829: -0.076606855, -0.2658765, -0.5434735
20130226_152922_029: -0.06405542, 0.15510581, -0.72037035
20130226_152922_219: 0.39501873, 0.6630784, -1.7054111
20130226_152922_381: 0.40318975, 0.20098811, -1.6722257
20130226_152922_530: -0.11385668, 0.4263725, -1.1069298
20130226_152923_134: 0.5090321, 0.41491118, -2.0642295
20130226_152923_141: 0.65399235, 0.5505679, -1.8415114
20130226_152923_150: -0.06039748, 1.2690142, -1.4968157
20130226_152923_265: -0.061066173, 0.9595997, -1.6001164
20130226_152923_460: 0.54715633, 1.2506057, -1.7682624
20130226_152923_769: -0.12881693, 0.8191858, -0.061938863
20130226_152923_806: -0.89397657, 0.66618925, -1.1542435
20130226_152923_979: 0.67726684, 1.591593, -1.7191696
20130226_152924_173: 0.2628408, 0.92381114, -0.875975
20130226_152924_367: 0.09416414, 1.0352578, -0.8771058
20130226_152924_528: -0.434163, -0.32621408, -1.4414978
20130226_152924_678: 0.971957, 1.4962782, 0.13640563
20130226_152924_866: 0.62968326, 0.99387455, 0.803988
20130226_152925_654: -0.5497177, -0.70714086, -0.99373853
20130226_152925_697: -0.8850784, 0.14807898, 1.6768221
20130226_152925_727: 0.10877018, -0.17313626, 0.07551672
20130226_152925_749: -0.038394906, 0.8633172, 1.0671722
20130226_152925_775: -0.71542555, -0.5721923, -0.026711773
20130226_152926_133: -0.89770174, 0.10245792, 0.49157825
20130226_152926_153: 0.65778995, -0.5904348, -0.3390382
20130226_152926_271: -1.7827123, 1.0364714, 1.4643548
20130226_152926_430: -0.509208, -0.72172743, 0.9078306
20130226_152926_581: -0.16917934, -2.1595116, -0.771737
20130226_152926_733: -1.490926, -0.4259613, 0.99020725
20130226_152926_929: 1.4794238, -0.76215315, -0.40073797
20130226_152927_133: 1.9681209, -1.4250895, -1.4675784
20130226_152927_698: -2.8618116, -0.39800593, 2.0021114
20130226_152927_710: -1.2130711, -0.77090925, -0.12121932
20130226_152927_717: 1.7956413, -1.9676954, -1.0337758
20130226_152927_868: -1.585494, -0.22613925, 2.6282914
20130226_152928_068: -0.07011574, -0.31869215, 0.8796131
20130226_152928_293: 0.3851935, 0.29998863, 0.8141268
20130226_152928_442: -0.5948294, -0.04151451, 0.46363458
20130226_152928_629: -0.5937685, 0.39365533, 1.1755203
20130226_152928_816: 0.5279998, -0.2301438, 0.3155328
20130226_152928_979: -8.387889E-4, -0.76107967, -1.4199423
20130226_152929_131: 0.39178047, 0.550406, -0.48735082
20130226_152929_281: 0.5931144, -0.68142307, -2.3931139
20130226_152929_844: -0.19506665, 0.42169574, -0.006234511
20130226_152929_852: 1.0231717, -0.9234254, -1.4106991
20130226_152929_859: -0.7027251, -0.93649936, -0.30956805
20130226_152929_968: 1.218883, -0.09868717, -0.6008204
20130226_152930_174: -2.4237351, -0.37571138, 1.7636911
20130226_152930_638: 2.3773477, 0.33510348, -0.56937253
20130226_152930_656: 3.3314059, -1.289047, -1.2070813
20130226_152930_767: 1.7621197, 0.4998127, 0.2511597
20130226_152930_918: 2.205476, -0.12684944, -0.34471318
20130226_152931_082: -3.360033, 0.39593115, 2.6244226
20130226_152931_272: 0.042511694, 0.39730948, 1.5242598
20130226_152931_904: -1.1556536, 0.523812, 1.5134625
20130226_152931_911: -3.4519935, 0.7477052, 1.9338194
20130226_152931_918: -0.27802783, 0.24361733, 1.047136
20130226_152932_018: -1.9202783, 1.1184523, 2.2757413
20130226_152932_218: 0.37119713, 0.3657821, 0.053515244
20130226_152932_420: 0.79999536, 1.660016, 1.0588135
20130226_152932_713: 0.61698276, 0.74166536, 1.9293066
20130226_152932_832: 0.32238722, 0.8696578, 1.192982
20130226_152932_978: 1.0094237, -0.026104456, 2.3046257
20130226_152933_162: -0.20467794, 1.8554984, 2.8892956
20130226_152933_317: -1.2605963, -0.03646686, 2.7239716
20130226_152933_478: 0.4872791, 0.24169514, 1.2222806
20130226_152933_678: 1.4406157, 2.0528963, 0.87951696
20130226_152933_865: 0.8448288, 0.11144407, 1.282837
20130226_152934_282: -1.2456203, 0.1481085, 2.3173378
20130226_152934_292: 0.7048907, 0.87353027, 0.5693696
20130226_152934_420: -0.23015726, 0.86772597, 2.2540376
20130226_152934_619: -0.64442134, 1.3479162, 3.4673576
20130226_152934_839: -1.4291625, 0.28936377, -0.16550592
20130226_152934_968: 0.28709495, 1.7444913, 3.7612014
20130226_152935_136: -0.8311124, 0.13517742, 0.9551155
20130226_152935_701: -0.36544892, 0.7074506, 1.6501642
20130226_152935_711: -0.8087796, 0.6996251, 1.7039436
20130226_152935_722: 0.50375557, 0.27838147, -1.0370061
20130226_152935_871: 0.5217489, 0.21270868, 0.45914486
20130226_152936_437: -0.059842184, 0.25452012, 0.37151393
20130226_152936_448: 0.31767595, 0.44625732, -0.07671879
20130226_152936_458: -0.27163258, -0.25384763, -2.3223002
20130226_152936_568: 1.109391, 1.1807766, 0.09401421
20130226_152936_721: -0.67240417, -0.35602584, -1.1907866
20130226_152936_922: 0.7943834, -0.21656683, -2.2234163
20130226_152937_068: 0.6689479, -0.57072073, -0.9041864
20130226_152937_303: -0.9357763, -0.44153994, -1.0866318
20130226_152937_421: 0.01778174, -0.29943594, -0.47759676
20130226_152937_580: -0.78005326, -0.59610915, -0.48735565
20130226_152937_782: 1.0754695, 0.14226897, -1.2304531
20130226_152937_961: -2.1431496, 0.3149892, 0.18745384
20130226_152938_146: 0.46257135, -0.6415107, -1.215819
20130226_152938_344: 1.7925744, -0.3704165, -1.4538825
20130226_152938_465: -2.5115492, 0.4886451, 0.8477844
20130226_152938_929: 1.1545898, -0.082864456, -0.69589025
20130226_152938_937: 2.4308395, -1.3535414, 0.7511241
20130226_152939_021: 1.6402076, -1.1733112, 0.59864014
20130226_152939_215: 0.59035426, -0.2005217, -0.63592464
20130226_152939_568: 1.1894951, -0.6023181, -0.63914734
20130226_152939_602: -0.015219197, -0.5095745, 2.2878408
20130226_152939_717: 0.42360535, -0.12156039, -1.1713705
20130226_152939_878: 0.9280022, -0.5054285, -0.73060447
20130226_152940_034: -1.4834844, 0.16176476, -0.86430913
20130226_152940_211: 0.68683016, -0.4389849, -1.4912059
20130226_152940_839: 3.8708005, -1.043823, -2.2537394
20130226_152940_858: -0.34416124, -0.70988214, 0.6692732
20130226_152941_350: 2.036971, -1.6582114, -1.6229683
20130226_152941_357: 0.8511621, -1.465921, -1.6812183
20130226_152941_363: 1.4166671, -0.7163748, -0.9731597
20130226_152941_372: 2.0530024, -0.92153853, -1.6891853
20130226_152941_466: 3.380753, -1.8076563, -0.9875956
20130226_152941_621: 0.5371914, -1.1592764, 2.2381728
20130226_152941_821: -3.7933893, 0.3768794, 3.8152337
20130226_152941_968: -0.32178867, -0.98574096, 0.972498
20130226_152942_135: -0.7781793, -0.4532497, 0.9308532
20130226_152942_329: 3.0836973, -0.958613, -0.66002226
20130226_152942_528: -2.0023816, 0.5255711, 0.9502967
20130226_152942_717: 0.45291388, -0.5210981, 0.31041035
20130226_152942_872: 0.0454647, -0.0294374, -0.42407706
20130226_152943_078: -0.90289694, 0.3685998, -0.70981854
20130226_152943_739: 0.32008126, -0.098726936, -0.5709306
20130226_152943_749: -2.318412, -0.023741819, 0.17263561
20130226_152943_761: 2.6272857, 0.12793723, -1.8216718
20130226_152943_809: 3.674791, 0.10475714, -2.0918846
20130226_152944_009: 2.4745448, 0.1780811, -0.77554893
20130226_152944_392: -2.8422027, 0.8798475, 1.9739547
20130226_152944_407: -2.498972, 1.2322233, 1.5450957
20130226_152944_528: -1.6928596, 0.85114, 0.870323
20130226_152944_679: -2.8486102, 1.1141771, 1.1278946
20130226_152944_879: -2.0290556, 1.616789, 1.1920947
20130226_152945_079: 4.0583663, 0.87393343, -1.5923654
20130226_152945_267: -0.79881054, 1.2698972, 1.0343852
20130226_152945_767: 2.338142, 0.22506987, -0.65438235
20130226_152946_172: 1.1475749, 0.78362685, 0.34203064
20130226_152946_179: -0.39721888, 1.194903, 1.2070413
20130226_152946_185: -2.2971091, 1.6798649, 1.7441316
20130226_152946_194: 1.9481812, 0.22693361, -0.10406229
20130226_152946_271: -0.92102534, 1.4645338, 1.4819831
20130226_152946_474: 0.5404834, 0.22933936, 0.2823983
20130226_152946_671: -1.2692595, 0.70362055, 0.8547335
20130226_152946_881: -1.0372242, 0.24989378, 0.91483116
20130226_152947_036: -2.485673, 1.0062643, 1.5111191
20130226_152947_217: 2.194846, -0.02244133, -0.70955306
20130226_152947_424: 1.5128449, 0.42389762, -0.5272534
20130226_152947_629: 0.43146718, 0.37439504, -0.12305472
20130226_152947_828: 1.1966811, -0.085368544, -0.5403619
20130226_152948_363: 0.29581484, 0.1743078, -1.102665
20130226_152948_369: -0.22556058, -0.5913256, 0.43282494
20130226_152948_378: 0.5817314, -0.72459203, -0.52018154
20130226_152948_546: -0.2669009, 0.526159, 0.34091598
20130226_152948_668: 0.9512866, 0.3032298, -1.8880239
20130226_152948_987: -1.2972155, 0.92111254, 1.0585241
20130226_152949_083: 0.96589905, -0.612218, -1.0775214
20130226_152949_279: 3.6317773, -0.99507505, -0.54368985
20130226_152949_428: 1.3116046, -1.0785537, -2.2693937
20130226_152949_630: 1.8027807, -1.1552223, -1.720402
20130226_152949_828: -2.3924212, -0.28029856, 1.2395486
20130226_152950_013: -2.0032594, 0.41229984, 0.31399027
20130226_152950_681: 1.4257857, -1.1633772, -0.73535925
20130226_152950_700: 2.2100487, -0.94682187, 0.38241702
20130226_152950_716: -3.2369328, -0.79861724, 1.1866447
20130226_152950_734: -3.071624, 0.028015258, 0.2325912
20130226_152950_873: 2.9902954, -1.9337595, -2.086657
20130226_152951_075: -2.6443205, -1.0340168, 1.7510108
20130226_152951_318: 0.97414434, -0.56789136, -0.72817665
20130226_152951_431: 1.3270816, -0.464967, -1.4921558
20130226_152951_628: -0.31481415, -1.148107, -0.87479395
20130226_152951_830: -0.15520693, -0.88031894, -0.15635727
20130226_152952_030: -0.3683049, -1.6164912, -1.0314479
20130226_152952_218: -0.099132575, -1.2496762, -1.050205
20130226_152952_413: 0.41838676, -1.4827828, -0.69828564
20130226_152952_873: -1.1323925, -1.866097, -2.7148101
20130226_152952_883: 1.1178935, -1.1374059, -0.32410344
20130226_152952_965: -1.0658909, -1.2328067, -0.09673633
20130226_152953_120: 0.78313893, -1.0026006, -0.89907885
20130226_152953_454: -1.2059072, -1.1182365, 0.0031865211
20130226_152953_511: 0.4556541, -1.9084044, -0.107698455
20130226_152953_700: 0.16492403, 0.31810704, 0.8408251
20130226_152953_881: -0.3379495, -1.7076948, 0.7819231
20130226_152954_124: -0.3322434, 0.2907225, -0.48292908
20130226_152954_280: 0.43084818, -0.1230518, -0.37486675
20130226_152954_463: -0.36487025, -0.3206465, -0.93356097
20130226_152955_003: 0.6810639, 0.12739246, -0.065815635
20130226_152955_012: 0.46975043, 0.12609862, 0.61525404
20130226_152955_019: 1.4533494, -0.08790596, 0.5129799
20130226_152955_173: 0.20626843, -0.11564094, -1.5072356
20130226_152955_364: 0.5129092, -0.6474048, -2.492397
20130226_152955_966: 0.937489, -0.8218261, -1.6981565
20130226_152955_984: 1.7741169, -0.6643743, -2.1041398
20130226_152956_005: -0.29098436, -1.4419822, -1.6453341
20130226_152956_080: -0.44028002, -1.5002, -1.882086
20130226_152956_279: -0.9976865, -0.6875065, -0.68527126
20130226_152956_467: -0.28291327, -0.53891665, 0.41881987
20130226_152956_668: -0.037755437, -1.5628531, -1.1175343
20130226_152956_863: 0.34428105, -0.25895256, -0.4941557
20130226_152957_014: 0.3848159, -0.68563336, -1.481846
20130226_152957_475: -0.12703648, -1.0186319, -1.3467677
20130226_152957_482: -0.5501807, -1.2800074, -0.29623014
20130226_152957_568: -1.4232453, -0.74472064, -1.0831679
20130226_152957_720: 0.0070966803, -1.3114442, -1.5262527
20130226_152958_101: -0.7254536, -0.14480478, -1.6939048
20130226_152958_121: 0.46024612, -1.0173235, -2.026664
20130226_152958_267: 0.40090722, -0.9619015, -1.2756591
20130226_152958_428: -0.11032968, -0.36188188, 0.07173457
20130226_152958_613: 1.8185406, 0.18460546, -1.0907193
20130226_152958_799: -0.16814883, -1.3313143, -0.47436845
20130226_152958_981: -0.84814477, -0.88167995, 0.61852795
20130226_152959_165: -0.5828689, -1.3247727, -1.5207708
20130226_152959_662: 1.147458, -1.1696514, -1.4292539
20130226_152959_668: 1.2436861, -1.6498481, -1.3193051
20130226_152959_675: 0.22530748, -0.8432097, -1.3055642
20130226_152959_868: 0.97379947, -1.6609745, -0.802123
20130226_153000_024: -1.4638538, -2.0272436, -0.24465485
20130226_153000_360: -0.50176936, -0.5498937, -0.9502634
20130226_153000_377: -1.3312182, -0.84956634, -0.26507512
20130226_153001_051: -0.4761346, -0.23440292, 0.35226154
20130226_153001_061: -0.25414604, -0.0350038, -0.35743335
20130226_153001_070: 0.50233287, 0.07229659, 0.051101826
20130226_153001_115: -0.23445466, 0.0057081487, -0.3149103
20130226_153001_267: -0.38802433, -0.04612342, 0.046096567
20130226_153001_515: -0.5304642, -0.061213765, 0.4828075
20130226_153001_907: 1.3704215, 0.022931963, -0.7204028
20130226_153001_915: 1.0334897, -0.20491117, 0.7259502
20130226_153002_021: -1.1978806, 0.17492431, -0.8661963
20130226_153002_179: -1.8616595, 1.0381281, -0.56111324
20130226_153002_369: -1.922057, 1.2455096, 0.5725518
20130226_153002_523: 0.19484453, 0.9219708, -0.87281716
20130226_153002_669: -0.04951076, 2.7017863, -1.5517029
20130226_153003_017: 0.44700202, 1.6536336, -0.9902485
20130226_153003_052: 0.71398705, 1.1279601, 0.7628704
20130226_153003_217: -0.5770336, 0.96938133, -0.12667291
20130226_153003_378: -0.8881565, 1.3303739, 0.47863635
20130226_153003_567: -0.39975452, -0.118178196, 0.34779522
20130226_153003_802: 0.09815759, 0.2545115, -0.2751897
20130226_153003_979: -0.0065694414, -0.1217424, -0.036123745
20130226_153004_509: -0.4051064, -0.31443498, 0.4573843
20130226_153004_513: 1.2109412, -0.34523734, -0.5578662
20130226_153004_523: -0.15416121, -0.7696796, -0.07476123
20130226_153004_670: -0.49070323, -0.061999947, 1.0032284
20130226_153004_871: -1.0713602, -1.0384295, 0.41458794
20130226_153005_150: -1.5836598, -1.4959679, -0.84467626
20130226_153005_267: 0.78673786, -0.40212366, -0.7407415
20130226_153005_429: -0.03258534, -0.9269155, 0.16484717
20130226_153005_950: 0.6320038, -0.7704135, -0.7795187
20130226_153005_961: 0.7953794, -0.37035796, -0.2660995
20130226_153006_018: 0.022051089, -0.38783357, 0.14238128
20130226_153006_219: -0.2778414, -0.7100261, 0.08559512
20130226_153006_671: -0.23596098, -1.1314431, -0.40248805
20130226_153006_677: -0.65492404, -0.66691035, -0.067909166
20130226_153006_820: 0.16026597, -0.630501, -0.50043404
20130226_153007_018: -0.13568623, -0.73816013, -0.17013124
20130226_153007_176: -0.23911154, -0.65005314, -0.058538992
20130226_153007_372: 0.1446417, -0.6624507, -0.55912995
20130226_153007_656: -0.35943303, -0.9666132, -0.1410051
20130226_153007_711: 0.100236155, -0.76089233, -0.13115123
20130226_153007_880: -0.13975744, -0.66386217, 0.32506958
20130226_153008_079: -0.22673838, -0.59524584, -0.48387337
20130226_153008_267: -0.08747838, -0.99268293, -0.26240006
20130226_153008_417: -0.04474223, -1.1507138, 0.12687808
20130226_153008_579: -0.21911973, -0.53226435, -0.40904668
20130226_153008_762: -0.93214935, -0.5010535, -0.13264117
20130226_153009_287: 0.17284547, -0.5134471, 0.112003125
20130226_153009_295: 0.31885028, -1.0499605, -0.20765609
20130226_153009_305: 0.38468263, -0.7672211, -0.25175387
20130226_153009_417: -0.30568975, -0.83559877, 0.15996085
20130226_153009_570: -0.43948215, -0.1368525, 0.3276134
20130226_153009_916: 0.12665363, -0.047710285, -0.00868132
20130226_153009_950: 0.988229, -0.17624518, -0.5576804
20130226_153010_079: 0.04743512, -0.38306132, -0.36628693
20130226_153010_280: -0.2657406, 0.17576969, 0.26583764
20130226_153010_491: 0.3668582, -0.58428603, -0.7988182
20130226_153010_820: -0.38291797, -0.25248992, -0.47837177
20130226_153010_840: -0.24328211, -0.5212607, -0.7741183
20130226_153011_482: 0.5559546, 0.13611338, -0.2006614
20130226_153011_488: -0.4024971, -0.14488311, 0.29698038
20130226_153011_498: -0.016714988, -0.41479093, 0.11503566
20130226_153011_509: 0.16060674, -0.24817441, -0.1989847
20130226_153011_671: -0.4201514, -0.072566204, -0.048472647
20130226_153011_872: 2.2892795, -0.8053971, -1.1771295
20130226_153012_019: 1.9940333, -0.66533804, -0.45922875
20130226_153012_302: 1.750411, -0.9474977, -1.7015826
20130226_153012_417: -0.023601824, -0.18468276, 0.1848486
20130226_153012_581: 0.31512743, -1.5163249, -1.3557541
20130226_153012_780: 0.7113444, -1.5319828, -0.27784517
20130226_153012_978: 0.039917, -0.42729756, 0.20673078
20130226_153013_165: 0.6407617, -0.99137765, -0.88794166
20130226_153013_365: -0.25874448, -0.8173509, -0.24178106
20130226_153013_801: -0.39494392, -0.85183346, -0.18304273
20130226_153013_810: 0.7273621, -0.64423734, -0.28714377
20130226_153013_863: 0.6886001, -1.0404205, -0.84914577
20130226_153014_023: -0.6400673, -0.82021236, -0.22730917
20130226_153014_433: 1.0056875, -0.9538704, 0.074194245
20130226_153014_457: 0.80454296, -0.8406347, -0.82113576
20130226_153014_581: -1.168226, -0.4082971, 0.41083503
20130226_153014_729: -0.49135906, -0.6927939, 0.25619712
20130226_153014_933: -0.20881402, -0.5827075, -0.40213823
20130226_153015_136: -0.024755087, -0.37086964, -0.56435007
20130226_153015_331: -0.4421394, -0.33829394, 0.344253
20130226_153016_293: -0.39938045, -0.83518595, -0.3872782
20130226_153016_300: -0.4906664, -0.18432891, 0.3480372
20130226_153016_306: 1.1456255, -0.9759825, -0.54774785
20130226_153016_313: 0.0826625, -0.8322405, 0.08391455
20130226_153016_321: -0.014946809, -1.3163497, 0.11505905
20130226_153016_416: 0.23385903, -0.9151021, -0.4350018
20130226_153016_571: -0.54254794, -0.9324092, 0.17997137
20130226_153016_904: 0.5346634, -0.41474298, -0.4161279
20130226_153016_917: 0.034811202, -0.7514741, -0.3902388
20130226_153017_080: -0.41278994, -0.5578992, -0.30351183
20130226_153017_267: 0.32157356, -0.21778497, -0.24619478
20130226_153017_444: -0.3168974, -0.90903735, -0.09709464
20130226_153017_632: -0.038172204, -0.5164837, -0.0020154314
20130226_153017_816: 0.4524106, -1.1027331, -0.39859658
20130226_153018_422: -0.0043324763, -0.8778567, 0.12410452
20130226_153018_428: -0.456995, -0.5901149, 0.6459046
20130226_153018_437: 1.2341437, -0.7836932, -0.42190152
20130226_153018_521: -0.075352475, -0.68543005, 0.31930387
20130226_153018_721: 0.5331009, -0.6742189, -0.17861527
20130226_153019_109: -0.24665363, -1.3456565, 0.45698917
20130226_153019_123: -0.02025193, -0.7645489, 0.17720132
20130226_153019_300: -1.3010558, -0.47305855, -0.74928546
20130226_153019_431: 0.4385276, 0.07298151, -0.4664055
20130226_153019_642: -0.67176, 0.029536914, -0.65089375
20130226_153019_829: 0.2888298, -0.10266842, -0.68227273
20130226_153020_028: 0.026818449, 0.27000374, 0.5482739
20130226_153020_216: -0.9259318, 0.42422107, 0.9694027
20130226_153020_956: -1.4894209, 0.19417423, -0.030885553
20130226_153020_983: -0.08020634, 0.06363266, 0.08028116
20130226_153021_010: 1.1422055, 0.6681715, -0.67934567
20130226_153021_034: 0.28338322, 1.2695227, 1.3156241
20130226_153021_120: 1.5187855, -0.16053544, -0.7434288
20130226_153021_321: 0.31429744, -1.0700161, 0.5662913
20130226_153021_597: -0.14269875, -0.73858815, -0.2454554
20130226_153021_717: 0.35904258, -0.6511505, -0.034427755
20130226_153021_880: 0.86171097, -0.7691992, -0.43355072
20130226_153022_079: -0.44717562, -0.747614, 0.39112347
20130226_153022_281: 0.18464696, -1.2603734, -0.40089697
20130226_153022_428: -0.059257075, -0.96436036, 0.605456
20130226_153022_580: -0.0027232876, -0.52130324, 0.01278554
20130226_153023_145: -0.6917659, -1.3340344, 0.25656128
20130226_153023_157: 0.5150269, -1.0528274, -0.017675942
20130226_153023_166: -0.03475801, -0.9223965, -0.20034137
20130226_153023_259: 1.3193741, -1.2345825, -0.3425424
20130226_153023_418: -0.37022915, -1.2677922, 0.72080755
20130226_153023_799: -0.47511342, -1.3664387, 0.036847968
20130226_153023_809: -0.59847677, -0.9732134, 0.23981999
20130226_153023_979: 0.15004677, -1.0488474, -0.009059797
20130226_153024_163: -0.04361118, -0.87519675, -0.35513943
20130226_153024_338: -0.35190555, -1.2580919, 0.48333004
20130226_153024_528: -0.4779133, -1.7376226, -0.42498657
20130226_153024_728: 1.0343097, -0.8743824, -0.40226156
20130226_153025_343: -0.5046809, -0.9454946, 0.41919953
20130226_153025_354: 0.26196575, -0.5282581, -0.031607144
20130226_153025_366: 0.37132746, -1.1606255, -0.5867463
20130226_153025_416: -0.23684768, -0.43216613, 0.12238719
20130226_153025_937: 0.9536884, -0.69145286, -0.260403
20130226_153025_960: -1.4320419, -1.0433128, 1.0723594
20130226_153025_982: -0.7217314, -0.74035794, 0.40028733
20130226_153026_335: 0.6271733, -1.3534795, -0.68832743
20130226_153026_347: -1.2786071, -0.7362416, 1.2004408
20130226_153026_513: 1.1192875, -0.4068429, -0.18164486
20130226_153026_681: 0.46011928, -0.738551, 1.2204115
20130226_153026_890: -1.7340281, -2.0800376, -1.8484535
20130226_153027_030: -0.18678047, -0.27559397, 0.6269307
20130226_153027_217: -1.0495692, -1.0701146, 0.32672444
20130226_153027_411: 0.2801701, -0.7209379, -0.58244044
20130226_153027_854: -0.5844354, -1.4505818, 0.1756687
20130226_153027_862: -0.08041151, -1.5073903, -0.29328182
20130226_153027_910: -0.015486908, -1.1244689, -0.361957
20130226_153028_072: -0.075496845, -0.8607719, 0.18943186
20130226_153028_223: -0.53635436, -0.6056447, -0.17736323
20130226_153028_480: 0.5056705, -0.71597356, -0.05235241
20130226_153028_561: 0.3164473, -1.1266845, 0.069674425
20130226_153028_728: 0.6208821, -1.0062823, -0.41756555
20130226_153028_878: 0.4832874, -0.5274064, -1.0839638
20130226_153029_025: 0.028683074, -1.4209552, -0.65455467
20130226_153029_217: 0.15148412, 0.809838, -0.4858722
20130226_153029_401: 0.52444005, -0.13422318, -1.0836273
20130226_153029_616: 0.7626427, 0.56203705, -1.0140243
20130226_153030_017: -1.2009183, -1.7829424, 0.4902046
20130226_153030_023: 0.09313188, -1.8362852, -0.27879238
20130226_153030_126: 0.19209202, -0.07150566, -0.027817396
20130226_153030_268: -0.62489426, -2.3034928, -0.29416502
20130226_153030_606: -1.4954783, -1.8258666, -0.07091273
20130226_153030_625: 0.49741352, -0.5508298, -1.1296076
20130226_153031_019: 0.12320611, -1.2350565, -0.027616614
20130226_153031_040: -0.9521318, -2.0900483, 0.2701663
20130226_153031_188: -0.4554998, -1.3713058, -0.25876024
20130226_153031_371: -0.4240379, -1.0171459, -0.6086174
20130226_153031_579: 0.16238019, -0.07212138, -1.064697
20130226_153032_197: -0.62739426, -1.5805306, -0.17527737
20130226_153032_205: 0.73070616, 0.5857853, -1.1561428
20130226_153032_212: 0.59715927, -0.012579934, -0.99619806
20130226_153032_260: 0.6865373, 0.29968584, -0.27233753
20130226_153032_471: 0.24232173, -1.320698, -0.17850393
20130226_153032_619: -1.4551065, -1.21063, 0.32700142
20130226_153032_771: -1.33539, -1.1613492, -0.077687345
20130226_153033_053: -0.40469548, -0.019072585, -0.80707216
20130226_153033_169: 0.20680092, -0.34893036, -0.1591165
20130226_153033_329: -0.44184828, 0.15437026, -0.30982524
20130226_153033_530: -1.5962276, -2.4248257, 0.8365277
20130226_153033_725: 0.13461539, 0.28320917, -0.5401897
20130226_153033_869: 0.21213585, -0.29078606, -0.34078416
20130226_153034_067: -1.0001632, -1.0830455, 0.4999559
20130226_153034_701: -1.356908, -1.8666655, 0.1811391
20130226_153034_710: -0.33202597, -0.5598534, -0.948359
20130226_153034_720: -0.067905076, 0.111707106, -1.5007863
20130226_153034_864: -0.59249943, -2.1301787, -0.61208504
20130226_153035_255: -0.9310931, -2.604524, 0.17350364
20130226_153035_273: -0.6334645, -1.6013423, -0.1087766
20130226_153035_367: 0.35951778, -0.66113824, -0.9082453
20130226_153035_528: -0.08725275, -0.75770843, -0.60951984
20130226_153036_025: -0.2847288, -0.7380828, -0.41679743
20130226_153036_061: -0.8468717, -1.7634983, 0.21651627
20130226_153036_070: -0.17331308, -1.5121382, 0.21856356
20130226_153036_260: -0.13878186, -1.1242734, -0.9876754
20130226_153036_838: 0.62854224, -0.9627729, -0.61551267
20130226_153036_845: -0.0017933132, -1.4559116, -0.27868688
20130226_153036_854: -0.3089777, -1.7277079, 0.04501637
20130226_153036_969: -0.07326222, -1.5573313, -0.08539251
20130226_153037_124: 1.0270267, -1.7311001, -0.42882162
20130226_153037_269: -0.87730074, -1.1773546, 0.55605394
20130226_153037_468: 0.37218028, -0.71518505, -0.7502593
20130226_153037_796: 0.16465747, -0.68847066, -0.46015814
20130226_153037_867: 0.35370824, -0.9549664, -0.39105305
20130226_153038_029: -0.23338264, -1.8984475, 0.036360186
20130226_153038_219: -0.40249243, -1.7610667, 0.5263845
20130226_153038_369: -0.24160804, -1.2682298, 0.32338732
20130226_153038_566: -0.8107932, -0.98217845, 0.32903966
20130226_153038_724: -0.30874506, -1.1141523, 0.08419716
20130226_153038_958: 0.08008476, -1.2662277, -0.110557936
20130226_153039_343: -0.82720137, -1.4827952, 0.44909665
20130226_153039_355: -0.2221265, -1.4362895, -0.0150482245
20130226_153039_469: -0.049624156, -1.5244752, -0.09896716
20130226_153039_650: 1.5030853, -1.0678182, -0.6541163
20130226_153040_006: 0.29374447, -1.344058, 0.028979134
20130226_153040_042: 0.15865152, -0.55176234, -0.058752928
20130226_153040_111: -0.2746914, -1.5859256, 0.26849517
20130226_153040_281: 0.9002362, -1.4637138, -0.8506925
20130226_153040_492: 0.04977555, -0.8953113, 0.040725395
20130226_153040_680: 0.34016252, -0.8314713, -0.38089317
20130226_153041_059: 0.21783903, -0.6616522, -0.20108609
20130226_153041_070: 0.29351592, -1.40152, -0.093886785
20130226_153041_621: 0.36461774, -1.0521424, 0.014232524
20130226_153041_631: -0.24931203, -0.7552299, 0.02216887
20130226_153041_644: 0.8371786, -1.2459062, -0.3127271
20130226_153041_712: -8.522329E-4, -0.9014868, -0.032086745
20130226_153041_912: -0.0045937574, -1.2242774, -0.08571079
20130226_153042_111: -0.029292146, -1.2463968, 0.043038346
20130226_153042_356: 0.38484102, -0.99231416, -0.19726095
20130226_153042_469: -0.24323535, -1.4745288, 0.26638505
20130226_153042_630: 0.5087217, -0.9116351, -0.44871935
20130226_153042_829: -0.75195116, -0.518843, 0.07282149
20130226_153043_021: 0.1396189, -0.72841966, -0.40113458
20130226_153043_176: -0.10638942, -1.2881434, 0.037155718
20130226_153043_329: -0.3546721, -1.5357914, 0.29453796
20130226_153043_513: 0.26132163, -1.573811, -0.117855415
20130226_153043_935: -0.41482118, -0.988455, 0.021141006
20130226_153043_946: -0.0094429515, -0.8836841, -0.15766485
20130226_153044_014: 0.41783845, -0.48992693, -0.6068971
20130226_153044_218: 0.17612171, -0.85841924, -0.24510698
20130226_153044_603: 0.06583529, -1.1126674, -0.08768296
20130226_153044_649: 0.26633215, -1.0077789, -0.029925475
20130226_153044_762: -0.51498836, -1.7586929, 0.5458049
20130226_153044_917: 0.3425094, -1.0796318, -0.20569472
20130226_153045_067: -0.7993355, -1.1697497, 0.5449144
20130226_153045_217: 0.16203356, -1.1658088, -0.27784634
20130226_153045_429: 0.033511225, -1.1704379, -0.37594548
20130226_153045_631: -0.36589083, -1.294007, 0.119247444
20130226_153046_374: 0.09948212, -0.7668682, -0.1945359
20130226_153046_382: -0.5355156, -1.4768761, 0.2218924
20130226_153046_388: -0.43012628, -0.88741356, 0.12365619
20130226_153046_398: -0.612047, -1.7167933, 0.24111733
20130226_153046_461: -0.14503625, -0.8244789, -0.013501579
20130226_153046_619: -1.2287691, -1.275123, 0.32568303
20130226_153046_986: 0.2304197, -1.3367912, -0.18732056
20130226_153047_021: 0.18779461, -1.0868918, -0.39912295
20130226_153047_214: -0.35176703, -0.73617715, -0.029528877
20130226_153047_372: -0.07531682, -0.6103975, -0.10988047
20130226_153047_568: 0.16765024, -1.3796606, -0.10904753
20130226_153047_774: -0.30695933, -1.474301, 0.028373862
20130226_153047_990: -0.30580023, -1.3786912, -0.22886516
20130226_153048_182: 0.18905601, -0.5205087, -0.21632688
20130226_153048_586: -0.065611415, -1.0238175, -0.071906716
20130226_153048_596: 0.84488666, -1.3750479, -0.44982758
20130226_153048_669: 0.28798985, -0.95976496, -0.07625059
20130226_153048_817: 0.20535833, -1.6592145, 0.17606589
20130226_153048_970: -8.3645084E-4, -1.047497, -0.048642743
20130226_153049_169: -0.318634, -1.5688641, 0.37958822
20130226_153049_334: -0.2981798, -1.5188676, 0.50463206
20130226_153049_525: -0.31935412, -1.7469329, 0.35672525
20130226_153049_714: -0.18815117, -1.4738039, 0.17596652
20130226_153049_882: 0.27824003, -0.5738662, -0.31909692
20130226_153050_032: -0.2852467, -1.1620421, 0.016296763
20130226_153050_223: -0.05262217, -1.3913474, 0.20270021
20130226_153051_209: -0.026006548, -1.3405998, 0.26195174
20130226_153051_234: 0.0062292498, -0.6351612, 0.08686902
20130226_153051_253: 0.056694534, -0.65907127, -0.05029431
20130226_153051_267: -0.50211483, -1.558694, 0.29687983
20130226_153051_276: -1.27983, -0.6820049, 0.5103543
20130226_153051_290: -0.5010948, -0.9236514, 0.0010720314
20130226_153051_419: -0.1524024, -1.1836611, 0.026213177
20130226_153051_754: -0.16485855, -1.2956227, -0.1250763
20130226_153051_819: -0.061511576, -1.0356771, -0.2657485
20130226_153051_981: -0.28571898, -1.3551233, -0.54715574
20130226_153052_146: -0.17607203, -1.1088355, 0.031649522
20130226_153052_313: -0.64877254, -0.67699283, 0.17404637
20130226_153052_481: -0.24420448, -0.3719231, -0.025219489
20130226_153052_682: 0.07579963, -0.3875516, -0.0375757
20130226_153052_860: 0.49841833, -0.59960043, -0.4516972
20130226_153053_346: 0.09949147, -0.792287, -0.25117636
20130226_153053_356: 0.0036047467, -0.9933665, 0.08226006
20130226_153053_412: 0.065025136, -0.77782476, -0.09825579
20130226_153053_618: 0.18999651, -1.6489228, 0.2438944
20130226_153054_032: 0.03723112, -1.6945479, 0.2104957
20130226_153054_059: 0.27346155, -0.73083353, -0.05335019
20130226_153054_166: -0.6793664, -0.93361986, 0.4859984
20130226_153054_322: -0.046763506, -0.43699852, -0.4313269
20130226_153054_472: -0.27960488, -1.1474973, 0.12650311
20130226_153054_663: -0.38337097, -0.8523692, 0.12853432
20130226_153054_864: -0.056944124, -0.66264707, -0.099139884
20130226_153055_022: 0.53614104, -0.4205435, -0.46025723
20130226_153055_594: 0.02703297, -0.46329403, -0.0097296955
20130226_153055_600: 0.23310266, -0.9089953, -0.06178747
20130226_153055_607: 0.2907377, -0.6246334, 0.027590018
20130226_153055_717: 0.39370763, -0.437926, -0.12856676
20130226_153055_864: 0.27851066, -1.0187073, -0.07191256
20130226_153056_196: 0.08203473, -0.8485934, 0.10819793
20130226_153056_223: 0.16674364, -0.96553886, 0.20440936
20130226_153056_417: 0.43339494, -0.8668451, 0.10743425
20130226_153056_577: 0.012511107, -0.9172733, 0.25704205
20130226_153056_746: 0.09004618, -0.68120736, -0.1801359
20130226_153056_933: -0.18559565, -0.9698517, 0.18819383
20130226_153057_083: 0.33529696, -0.4526533, -0.026668811
20130226_153057_272: 0.17616203, -0.4012449, -0.25699177
20130226_153057_844: 0.012175591, -0.5308091, 0.04289189
20130226_153057_850: 0.58149, -0.56349856, -0.029040802
20130226_153057_860: -0.3891127, -1.5385257, 0.57687694
20130226_153057_972: -0.034956165, -1.4492881, 0.36690322
20130226_153058_401: -0.1318395, -1.2184021, 0.010820962
20130226_153058_413: -0.24669163, -1.3959975, 0.34898764
20130226_153058_579: 0.08069091, -0.116393365, -0.11217297
20130226_153058_778: 0.058018476, -0.19112514, -0.2943968
20130226_153058_933: 0.03281389, -1.2703757, -0.092821494
20130226_153059_130: -0.5052146, -0.9196631, 0.17980713
20130226_153059_329: 0.27665362, -1.4022294, 0.009283084
20130226_153059_584: -0.022409985, -1.2357252, -0.26828358
20130226_153100_041: 0.0031686933, -1.476214, 0.15713498
20130226_153100_053: -0.18721652, -1.108114, 0.035955988
20130226_153100_063: -0.18626258, -0.8912043, -0.2643769
20130226_153100_168: -0.3675684, -1.1250244, 0.15852702
20130226_153100_360: -0.64733344, -1.2496976, 0.22401217
20130226_153100_691: -0.3578928, -0.7387854, -0.015958617
20130226_153100_721: -0.4477689, -1.471175, -0.14986935
20130226_153100_833: -0.053905778, -0.75591516, -0.116435006
20130226_153101_265: 0.112377845, -0.52569556, -0.47365856
20130226_153101_273: 1.4245203, -0.8589065, -1.0638406
20130226_153101_313: 0.78258425, -0.37803715, -0.23667964
20130226_153101_519: 0.2552385, -1.2852222, 0.2220438
20130226_153101_716: -0.22919863, -0.89099884, 0.4293734
20130226_153102_303: -0.3519073, -1.0551103, 0.08403233
20130226_153102_309: 0.33625615, -0.5599245, -0.06599369
20130226_153102_318: 0.29958558, -0.40600702, -0.30350393
20130226_153102_472: -0.7218331, -0.46721947, 0.4933172
20130226_153102_619: 0.046072017, -1.5678165, 0.15508157
20130226_153102_818: -0.12730536, -1.4365191, 0.18460546
20130226_153103_240: -0.032824412, -1.0656048, -0.056368954
20130226_153103_259: -0.022000235, -1.0722432, -0.108385555
20130226_153103_367: -0.10136136, -0.85117173, 0.08526364
20130226_153103_568: 0.106062666, -0.87022555, 0.017939562
20130226_153103_728: 0.663316, -0.23124687, -0.63448656
20130226_153103_928: 0.2234259, -0.35373804, -0.18513066
20130226_153104_130: 0.18145314, -0.5201844, 0.02770137
20130226_153104_316: -0.028311903, -0.2595769, -0.1864376
20130226_153104_917: 0.3635919, -0.4980505, -0.36036652
20130226_153104_923: -0.40690967, -1.439206, 0.4293658
20130226_153104_932: -0.5511644, -1.3599042, 0.38909343
20130226_153105_072: -0.17232582, -1.3454896, 0.13531098
20130226_153105_273: 0.026124623, -1.2950369, 0.14267127
20130226_153105_533: -0.33439797, -1.1470392, 0.091034904
20130226_153105_579: -0.10343992, -1.2480485, 0.039840426
20130226_153105_731: -0.34070554, -0.8442606, -0.11847384
20130226_153106_287: 0.34581894, -0.25459868, -0.38270164
20130226_153106_304: 0.54714406, -0.43908554, -0.48320234
20130226_153106_329: 0.35508654, -0.019569354, -0.2604834
20130226_153106_518: -0.8649112, -0.5232153, 0.68711716
20130226_153106_662: 0.056344405, -1.2149587, 0.11990853
20130226_153107_142: -0.26137832, -0.8072661, 0.3252423
20130226_153107_155: -0.15247838, -0.60973984, 0.08456045
20130226_153107_269: 0.22328854, -0.7571781, -0.15908115
20130226_153107_473: -0.054852705, -1.1531191, 0.22602585
20130226_153107_670: -0.08096681, -1.265155, 0.16093464
20130226_153108_113: -0.22165363, -1.2864074, 0.35759792
20130226_153108_136: 0.26186115, -1.2135154, 0.0065256027
20130226_153108_213: -0.36667994, -0.8638081, 0.5449717
20130226_153108_378: -0.5108581, -0.9349838, 0.007932254
20130226_153108_529: -0.19012977, -0.41439945, 0.027182607
20130226_153108_711: 0.31197572, -0.6243042, -0.35555914
20130226_153108_881: -0.3007675, -1.1997917, 0.096690446
20130226_153109_079: -0.29244918, -1.0097413, 0.15366174
20130226_153109_262: -0.3808669, -1.1298313, -0.11620412
20130226_153109_768: 0.21981238, -1.4473414, 0.040549744
20130226_153109_777: -0.15055121, -0.89986074, -0.19452946
20130226_153109_834: -0.29599372, -1.2559801, 0.36202392
20130226_153109_972: -0.14690848, -1.1268698, -0.078307524
20130226_153110_317: -0.49347267, -0.99677294, 0.25671178
20130226_153110_334: -0.1116583, -1.1260267, 0.019595804
20130226_153110_431: 0.14693302, -0.5568608, -0.28527153
20130226_153110_581: -0.16791853, -0.9971345, -0.10752602
20130226_153110_781: -0.375031, -0.8601104, -0.39636955
20130226_153111_325: 0.3380711, -0.29784203, -0.3675988
20130226_153111_347: 0.33742988, -0.3959663, -0.30848727
20130226_153111_371: -0.11314415, -1.4238545, 0.3798612
20130226_153111_903: 0.71560735, -0.53805137, -0.47146368
20130226_153111_910: -0.2778665, -0.6169432, 0.29544717
20130226_153111_918: -0.106679335, -0.9070998, -0.03418021
20130226_153112_068: 0.14130291, -1.2252604, 0.22451925
20130226_153112_220: -0.3295207, -1.0470852, 0.25428718
20130226_153112_421: 0.11941607, -0.6370649, -0.048691552
20130226_153112_800: 0.2806909, -0.3249973, -0.4270926
20130226_153112_811: -0.3272551, -1.0524644, 0.10634353
20130226_153112_979: -0.052908584, -0.77824163, 0.034157123
20130226_153113_131: -0.4639023, -0.893157, 0.4535203
20130226_153113_335: -0.16392274, -0.6532821, -0.1495163
20130226_153113_528: 0.24526013, -0.58183444, -0.68125415
20130226_153113_678: 0.08725451, -0.82278675, -0.49664634
20130226_153113_861: -0.4102765, -0.7479126, -0.05417031
20130226_153114_344: 0.43256375, -0.34705666, -0.34903762
20130226_153114_352: -0.07572657, -0.06937764, -0.2527753
20130226_153114_362: -0.060762804, -1.3201033, -0.48810005
20130226_153114_522: 0.30299044, 0.23785774, -0.9883574
20130226_153114_667: -0.5547446, -1.5439756, -2.041596
20130226_153114_968: 0.41101885, 0.029792167, -0.46824268
20130226_153115_016: -0.46171793, -0.6403624, -0.6472063
20130226_153115_213: -0.29309213, -0.40066347, -0.6103928
20130226_153115_380: -0.571874, -0.05125753, 0.07055209
20130226_153115_522: 0.061126377, -0.012494886, 0.11515871
20130226_153115_732: -0.07512802, -0.5417327, -1.6862942
20130226_153116_358: -0.6191221, -0.24750105, 1.3225468
20130226_153116_766: -0.53336924, -0.44535512, 0.847677
20130226_153116_773: -0.7718337, -0.027749155, 0.64274436
20130226_153116_779: -0.5863415, -0.021900574, -1.3071269
20130226_153116_785: 0.18295068, -0.49921137, -0.8055305
20130226_153116_858: -1.3165321, 0.09347513, -0.27344227
20130226_153117_014: 1.3186399, -0.5143252, -0.098475575
20130226_153117_174: -1.5552257, 0.4359699, 0.7184519
20130226_153117_568: -2.9134061, 0.3915667, 1.1903654
20130226_153117_600: 1.2946721, 0.12885098, -0.21546909
20130226_153117_721: -0.21389468, -0.33699995, 2.6311185
20130226_153117_924: -1.6047312, -0.24051344, 1.5233252
20130226_153118_116: 3.6308722, -1.4993052, -1.1497891
20130226_153118_278: 1.0159079, -0.7057536, -0.62425244
20130226_153118_428: -0.27604106, -0.4978788, 1.8660756
20130226_153118_622: -0.249986, -0.38867602, -0.67112845
20130226_153119_202: -0.39727673, -1.2216434, 0.056979194
20130226_153119_212: 0.21677929, -0.13279998, -1.0440403
20130226_153119_222: 0.79080725, -0.357498, -1.0368141
20130226_153119_367: -0.4694956, -0.021668812, -0.43274406
20130226_153119_740: 0.19846447, 0.12496983, -0.6263529
20130226_153119_756: -1.4777608, -0.22923721, -0.6606541
20130226_153119_879: -0.98322135, -0.6837562, 0.11264701
20130226_153120_050: 0.9109259, -0.84601384, -0.4026681
20130226_153120_217: -2.9534414, 0.13919146, 1.5078356
20130226_153120_415: 2.5682933, -1.4818317, -1.3972634
20130226_153120_621: 0.1481611, -1.7567768, -0.17815468
20130226_153120_811: 0.46486032, -1.9038235, -0.35175914
20130226_153121_674: 1.90141, -1.7116239, -0.7765753
20130226_153121_682: 1.9771284, -2.518501, -0.9782848
20130226_153121_692: 3.8847349, -2.354005, -1.4587876
20130226_153121_698: 3.3768182, -1.7439282, -0.6972759
20130226_153121_761: 1.629595, -1.4199085, 2.6375165
20130226_153121_925: 4.139475, -2.099661, 1.9713973
20130226_153122_070: 0.1304647, -2.1176798, 1.45857
20130226_153122_304: -1.9557425, -0.35831985, 1.9420699
20130226_153122_478: -0.8761913, -0.36578625, 1.6297333
20130226_153122_679: -0.30104107, -1.1642956, -1.3569509
20130226_153122_863: 0.6677391, -0.6897785, -1.44639
20130226_153123_017: -0.55074763, -0.7958771, 0.52039343
20130226_153123_170: 0.45578563, -1.2580513, -1.3413717
20130226_153123_836: 0.8313731, -1.1718026, -1.2282965
20130226_153123_842: -0.5301374, -1.4263043, -0.10611878
20130226_153123_849: 0.28298575, -1.1839913, -0.17397009
20130226_153123_967: -0.7831337, -0.53729945, 0.42980802
20130226_153124_115: 0.8553081, -1.6904914, -0.25038362
20130226_153124_430: 1.1019716, -0.9542532, -0.68512106
20130226_153124_513: 1.1740719, -0.47069073, -0.44797847
20130226_153124_671: 0.5418039, -0.75125736, -0.81904614
20130226_153124_871: -0.030220952, -0.1840533, 0.8909777
20130226_153125_102: 1.4144378, -0.5623923, 0.24472003
20130226_153125_263: 1.6958997, -0.19458337, -0.38761166
20130226_153125_471: 0.987548, -0.5022173, -0.1495926
20130226_153126_367: 0.7964228, -0.46992254, -0.24029842
20130226_153126_390: 0.372358, -0.9361289, 0.85370386
20130226_153126_408: 0.55058575, -1.0629568, 0.0649672
20130226_153126_426: -1.9251434, -0.15389659, 1.5695688
20130226_153126_440: 0.47257367, -1.4653188, -0.4615616
20130226_153126_566: -1.1533746, -0.3395531, 0.54702216
20130226_153126_722: -1.3292314, -2.5443978, -0.44693545
20130226_153126_921: 0.56579906, -0.72524714, 0.93740857
20130226_153127_129: -1.9511125, -1.3335153, 1.2094866
20130226_153127_332: 0.61772215, 0.19968393, -1.4348402
20130226_153127_517: 1.4923797, -0.40936205, 0.50915366
20130226_153127_679: -0.77896017, -2.811925, -1.2750305
20130226_153127_828: -0.1631313, -0.4632119, -0.8607918
20130226_153128_011: 1.302638, -0.37636814, -1.6964588
20130226_153128_436: 0.29813772, -0.53307754, 0.40656134
20130226_153128_441: -0.78226215, -1.4101042, -0.2290721
20130226_153128_559: -0.2691957, -1.1817741, -0.6745608
20130226_153128_718: 0.10767127, -2.6479385, -0.5682216
20130226_153129_057: 0.10283611, -1.6200118, 0.21700661
20130226_153129_129: 0.57504153, -0.41511637, 0.2729691
20130226_153129_324: -1.2138562, -0.5389038, -0.45717067
20130226_153129_479: -0.5253578, -0.93983126, 0.8706874
20130226_153129_624: -0.77322775, -1.4188905, -0.0059641693
20130226_153129_828: 1.0840836, -0.64692867, -0.7575033
20130226_153130_026: -0.49662384, -0.94363856, 0.45404872
20130226_153130_606: 0.82569915, -1.3070877, -0.73707366
20130226_153130_614: -0.30459377, -1.3168801, 0.15643705
20130226_153130_622: 0.70342827, -0.752043, -0.42630818
20130226_153130_721: -0.11855566, -1.3609271, 0.02385843
20130226_153130_867: 2.0614784, -1.1956146, -0.8066721
20130226_153131_305: -1.132953, 0.42591, -0.0048681907
20130226_153131_329: 1.035688, -0.901674, -0.36077246
20130226_153131_470: -0.11629589, 0.329439, 0.102965
20130226_153131_667: 0.7711627, -0.43193904, -0.5490169
20130226_153131_830: -0.6031039, -0.04161869, -0.3180594
20130226_153132_029: -0.05550737, -0.3922074, -0.3632564
20130226_153132_220: 2.2631934, -0.5735685, -1.0109704
20130226_153132_371: 1.5014018, -0.33764616, 0.8739406
20130226_153132_964: 0.9490526, -0.68403804, -1.1244029
20130226_153132_972: -0.561013, -1.8568716, -0.45204702
20130226_153132_979: -3.352619, 0.3557279, 0.38854718
20130226_153133_129: 1.3164731, -0.7318055, -1.2606158
20130226_153133_528: -1.5704894, -0.377671, 0.43033963
20130226_153133_562: -2.098582, -0.36123657, -0.052458502
20130226_153133_661: 0.01018354, -0.5420701, -0.56360537
20130226_153133_829: -2.3737657, -0.33672115, 0.97215754
20130226_153134_028: -3.3758419, 0.09706395, 1.751652
20130226_153134_217: -1.9551141, 1.6896213, 0.21373336
20130226_153134_366: 1.1024375, 0.10388357, -0.2207786
20130226_153134_531: -0.9736358, -0.010936405, 0.4445184
20130226_153135_243: 1.528264, -0.64774173, -0.8329899
20130226_153135_251: 1.2252748, -0.006406506, 0.056136753
20130226_153135_258: -3.564656, -0.059299015, 0.74804246
20130226_153135_320: -3.8680859, 0.8671594, 0.9749869
20130226_153135_514: -2.6501365, 1.6131209, 0.051084585
20130226_153135_777: -3.9192088, 0.16471477, 0.7189564
20130226_153135_930: -0.5489082, -0.32201603, -0.9897473
20130226_153136_144: 1.5670675, 0.08103841, -1.0702608
20130226_153136_313: 0.15638767, -0.010101123, -0.9916078
20130226_153136_776: 1.811144, -0.6807329, -0.33495882
20130226_153136_798: 1.1457342, -0.17299496, 0.19513562
20130226_153136_822: 0.99796474, -1.050912, 0.38601944
20130226_153137_567: 0.37693948, 0.06836028, 0.30726767
20130226_153137_585: 3.36846, -0.41684347, -1.3650501
20130226_153137_600: -2.9273968, 0.729151, 1.9220079
20130226_153137_609: 0.028593643, 0.8653815, 0.52827746
20130226_153137_721: 3.6405287, 0.46446723, -0.9991031
20130226_153137_921: 2.9046116, 0.9179534, -0.26508623
20130226_153138_122: 3.7634752, -0.2136394, 0.6952461
20130226_153138_501: 1.9122862, 0.8188389, 0.8009537
20130226_153138_535: -4.348349, 1.9687374, 2.9386714
20130226_153138_627: -1.7813615, 0.95305026, 1.4062737
20130226_153138_778: 1.9334009, 0.36794543, -0.44916534
20130226_153138_986: 3.1237428, 0.8757468, -1.1948293
20130226_153139_168: -1.334637, 1.3111533, 1.28566
20130226_153139_361: -0.60879654, 1.4439042, 0.39005497
20130226_153139_516: -1.3526608, 1.6012717, 0.07922756
20130226_153139_966: 2.1057835, -0.40809405, -1.4275331
20130226_153139_972: 1.3525019, 1.0238278, -0.053214874
20130226_153140_066: -0.28724107, 0.5227812, 0.17039865
20130226_153140_221: 1.6147271, 0.38082275, 0.108445615
20130226_153140_630: 1.9774528, 0.60339916, 0.18528818
20130226_153140_647: -2.3204842, 1.2153351, 2.0537522
20130226_153140_728: 3.8102942, -0.27813613, -1.0298682
20130226_153140_878: -0.38164955, 1.0765169, 1.1276299
20130226_153141_080: -1.0164819, 1.1389399, 1.259315
20130226_153141_267: -4.195851, 1.298839, 1.5765629
20130226_153141_469: -2.9511633, 0.88096654, 1.8883933
20130226_153141_618: 0.061764676, 1.2260265, 0.75656044
20130226_153142_225: 0.6644822, 0.05875322, 0.6976441
20130226_153142_233: 2.180422, 0.744366, 0.22037235
20130226_153142_244: 4.386347, -0.22252004, -0.29974735
20130226_153142_318: -3.748789, 0.5848716, 3.7063897
20130226_153142_520: 0.71845573, 1.101748, 0.62475014
20130226_153142_899: 0.114702486, -0.30229253, 1.314588
20130226_153142_908: 0.1366963, 0.7603914, 1.040349
20130226_153143_079: 0.51181966, 0.8508198, 0.98157185
20130226_153143_267: 0.2192074, 0.899195, -0.23631139
20130226_153143_435: -0.10329554, 0.43208575, -0.23280133
20130226_153143_628: 0.46280515, 0.49356678, -0.23793636
20130226_153143_828: 0.6841905, 0.37992373, 0.11745858
20130226_153144_061: -0.6212439, 0.3704086, 0.4688681
20130226_153144_439: 0.048325934, 0.8928278, -0.22206162
20130226_153144_449: 0.29085925, 0.650597, 0.15495646
20130226_153144_510: 0.2618775, 0.94460154, 0.39895812
20130226_153144_720: 0.008103227, 0.38353404, 0.24681145
20130226_153145_050: 1.1540643, 1.1689274, 0.2688105
20130226_153145_112: 0.80831486, 1.2477077, -0.53591275
20130226_153145_300: -0.34141397, 0.7857716, 1.2222897
20130226_153145_467: 0.2258429, 0.7869484, -0.107839905
20130226_153145_661: -0.031973932, 0.8305086, 0.5380308
20130226_153145_829: -0.114179336, 1.0637887, -0.19536944
20130226_153146_029: 1.3720728, 1.5625088, -0.04328326
20130226_153146_839: -0.0013274492, 1.3567878, 0.015185002
20130226_153146_858: 0.073090374, 0.06274974, 0.45406976
20130226_153146_886: 0.23259822, 1.0380772, 0.61705875
20130226_153146_905: 1.3909079, -0.24953635, -0.22496457
20130226_153146_913: -0.27380994, -0.6023896, 0.41793486
20130226_153147_072: 0.3791852, 0.6605908, 0.50842035
20130226_153147_218: 0.68981653, -0.74020606, 0.07559242
20130226_153147_536: 0.6397212, 1.0458469, 0.028346682
20130226_153147_555: -0.05903905, 0.27760392, -0.09369185
20130226_153147_728: 0.19143677, 0.38524655, -0.07679536
20130226_153147_929: 1.6515882, 0.21553397, -0.31840962
20130226_153148_140: 0.19787644, 0.17866205, 0.4051
20130226_153148_328: 0.6137462, 0.75754404, 0.10855507
20130226_153148_514: 0.7069091, 0.55434257, -0.63245535
20130226_153149_019: 0.38892803, 0.23869024, -0.3936039
20130226_153149_026: -0.18063305, -0.2789036, 0.6998767
20130226_153149_121: 0.011442601, -0.02760624, 0.056443773
20130226_153149_269: 0.43795887, -0.16904578, -0.3920967
20130226_153149_472: 0.3558014, 0.28183776, -0.0013978841
20130226_153149_726: 0.08677052, -0.61635864, 0.24559422
20130226_153149_829: 0.12752105, -0.8020276, -0.09633856
20130226_153149_979: 0.37385026, 0.6772721, -0.2915645
20130226_153150_129: 0.08495441, 0.24579628, -0.30148968
20130226_153150_344: 1.5868899, 0.17202055, -0.54086864
20130226_153150_528: 0.49246496, 0.7000993, -0.35254678
20130226_153150_712: 0.35354573, 0.5545235, -0.6020605
20130226_153151_266: 0.122239314, 0.39606065, 0.048462126
20130226_153151_272: -0.28447863, 0.029459028, -0.061260235
20130226_153151_281: -0.61548054, 0.26114628, 0.1924602
20130226_153151_417: -0.14420214, -0.19630525, 0.14419812
20130226_153151_784: -0.14567864, 0.048156276, 0.31547093
20130226_153151_815: 0.41775545, 0.47783175, -0.3493293
20130226_153152_116: 0.2394003, 0.27651027, -0.21993425
20130226_153152_166: 0.4489017, 0.24952334, 0.8196096
20130226_153152_328: 1.010926, 0.28934944, 0.0073328274
20130226_153152_533: -0.41519818, 0.900228, -0.038980305
20130226_153152_694: 0.28158933, 0.4798707, 0.29354954
20130226_153152_866: -0.24547055, 1.5075446, 0.7011618
20130226_153153_028: -0.07571546, 1.2405611, 0.053325057
20130226_153153_167: -0.10960896, 1.0911334, 0.7429855
20130226_153153_668: -0.06486907, 1.1237684, 0.509647
20130226_153153_676: 0.4376906, 1.0678504, 0.41850424
20130226_153153_710: -0.0741507, 0.7302115, 0.27236032
20130226_153153_868: 0.48432666, 0.8843367, 0.032714814
20130226_153154_018: -0.42617667, 0.6054396, 0.5719319
20130226_153154_293: 0.8071055, 0.7983682, -0.16110095
20130226_153154_428: 0.62925416, 1.4823778, 0.41689187
20130226_153154_628: 0.08887188, 1.1250913, 0.5740464
20130226_153154_781: 0.34872577, 1.8231509, 0.5827049
20130226_153154_928: -0.023673138, 2.1394956, 0.8290382
20130226_153155_131: 0.18254502, 1.2629746, 0.36154696
20130226_153155_313: -0.61055356, 0.93979234, 0.675216
20130226_153155_828: -0.31633624, 1.5839286, 0.31184566
20130226_153155_833: 1.3609248, 1.3040767, 0.8268156
20130226_153155_862: 0.010479894, 1.2009628, 0.34620503
20130226_153156_069: 0.65194243, 1.2755196, -0.039285716
20130226_153156_408: 0.50803256, 1.2316344, -0.08026158
20130226_153156_461: -0.34198564, 0.85114455, 0.40288287
20130226_153156_911: -0.022621581, 0.6012236, 0.30388132
20130226_153156_920: 0.37792087, 1.4496027, 0.35661498
20130226_153157_017: 0.34864452, 1.1670561, 0.22202356
20130226_153157_217: -0.13496552, 1.92429, -0.014322832
20130226_153157_378: -0.75001115, 2.5141435, -0.47237727
20130226_153157_959: 0.32278058, 1.2554598, 1.164545
20130226_153157_967: -1.289197, 1.1165992, 0.9947011
20130226_153157_973: -0.4774936, 0.97685343, 0.19876024
20130226_153158_120: -0.70956457, 1.234944, 0.1678101
20130226_153158_318: -0.76384795, 1.8592721, 0.59802145
20130226_153158_471: 0.122821495, 0.9798965, -0.3328484
20130226_153158_672: -0.7860551, 1.2254384, 0.27547377
20130226_153158_952: 0.29943594, 1.3121492, 0.020753669
20130226_153159_016: -0.30539048, 0.6995783, 0.17240423
20130226_153159_170: 0.09376024, 0.669271, 0.35268474
20130226_153159_378: -1.0367239, 0.69659036, 1.0745751
20130226_153159_561: -0.08856267, 0.686009, 0.03494827
20130226_153159_727: 0.71113575, 0.10884251, 0.44032735
20130226_153159_928: -0.17969957, 0.082880385, 0.48871353
20130226_153200_509: -0.5278718, -0.1698674, 0.47185853
20130226_153200_519: -0.41821548, -0.86054236, 0.34524468
20130226_153200_532: 0.15563539, -0.07777988, 0.08085633
20130226_153200_620: 0.93136376, -0.013281141, 0.10915859
20130226_153200_805: 0.11853169, 0.80387807, 0.18051966
20130226_153200_926: 0.16258477, 0.31184652, -0.01760726
20130226_153201_183: 0.29019234, -0.024795784, -0.08713117
20130226_153201_333: 0.47511402, -0.80756587, 0.05344342
20130226_153201_531: 0.22110943, -0.34657195, -0.47930533
20130226_153201_891: -0.544322, 1.5915418, 0.57489336
20130226_153201_913: 0.24698389, 0.40565884, 0.41753477
20130226_153202_131: 0.2687585, 0.060038947, 0.5217579
20130226_153202_726: -2.0662003, 1.6116195, 0.6600401
20130226_153202_735: -0.025510874, -0.92346424, -0.36536798
20130226_153202_742: 0.45483577, 0.25123978, -0.13809535
20130226_153202_817: 0.4689029, -0.65089405, -0.16556554
20130226_153202_973: -0.1505898, -0.20074774, -0.21027356
20130226_153203_126: -0.43369946, -0.0019755745, -0.29892537
20130226_153203_505: -1.418779, 0.33053872, -0.36862814
20130226_153203_515: 0.3709487, 0.67461544, -0.041485272
20130226_153203_678: 0.57433194, 0.16865721, 0.05548691
20130226_153203_878: 0.7605729, -0.5801558, 0.21272506
20130226_153204_062: 0.005560557, 0.38382593, 0.3497405
20130226_153204_217: 0.7231594, -1.1430124, 0.5815461
20130226_153204_378: 2.2582495, -1.3554372, 1.1399218
20130226_153204_561: 1.0398066, -0.7315318, 0.97285986
20130226_153204_987: 0.19015257, -1.0943309, 1.1218139
20130226_153204_997: -1.5137732, -2.0381553, 0.13211481
20130226_153205_069: -0.03635726, -1.3855247, -0.3098264
20130226_153205_221: -0.81297994, -1.4767307, 1.1384108
