20131001_053113_921: 76.10126, 169.90031, 78.71729
20131001_053113_940: 76.08919, 169.14153, 78.035194
20131001_053113_945: 329.64883, 167.80363, 76.822945
20131001_053113_950: 333.69135, 166.41809, 75.62406
20131001_053113_963: 335.46594, 165.53232, 74.7721
20131001_053113_966: 337.90936, 164.87071, 74.22756
20131001_053113_975: 337.6208, 164.74358, 74.030396
20131001_053113_978: 336.0174, 166.26955, 75.493225
20131001_053113_981: 331.81787, 168.1768, 77.156525
20131001_053113_986: 330.46313, 168.43974, 77.27368
20131001_053113_992: 332.23984, 167.55125, 76.411835
20131001_053114_004: 334.1216, 166.5274, 75.412605
20131001_053114_009: 335.17355, 166.04239, 74.92569
20131001_053114_012: 336.38593, 165.51447, 74.42698
20131001_053114_015: 339.09998, 164.74332, 73.791435
20131001_053114_019: 340.89, 164.05353, 73.16682
20131001_053114_028: 341.62244, 163.10303, 72.16368
20131001_053114_037: 343.76953, 162.03056, 71.17906
20131001_053114_051: 343.64447, 161.49762, 70.53233
20131001_053114_055: 343.64822, 161.52237, 70.490135
20131001_053114_059: 341.8302, 163.07884, 71.90605
20131001_053114_064: 339.7231, 163.66422, 72.24784
20131001_053114_068: 337.4384, 165.31906, 73.707214
20131001_053114_084: 335.78738, 166.1023, 74.30264
20131001_053114_090: 333.01108, 166.82649, 74.64615
20131001_053114_103: 335.64047, 166.05998, 74.0437
20131001_053114_110: 337.1714, 165.29828, 73.251686
20131001_053114_114: 339.843, 164.02994, 72.09452
20131001_053114_118: 342.40582, 163.01985, 71.19619
20131001_053114_123: 343.29037, 162.25748, 70.35333
20131001_053114_139: 344.6654, 161.49911, 69.594604
20131001_053114_151: 345.51892, 161.72919, 69.88932
20131001_053114_167: 341.98953, 163.12274, 70.809616
20131001_053114_174: 341.09048, 163.69255, 71.23681
20131001_053114_180: 338.3782, 164.94142, 72.13116
20131001_053114_186: 336.73007, 166.30064, 73.39823
20131001_053114_191: 334.98038, 166.27257, 72.95629
20131001_053114_197: 333.74133, 166.48409, 72.91648
20131001_053114_216: 333.40378, 166.8496, 73.246284
20131001_053114_236: 334.26123, 166.83723, 73.33464
20131001_053114_242: 332.37595, 167.49115, 73.68406
20131001_053114_252: 332.55707, 167.53416, 73.77428
20131001_053114_257: 332.31506, 167.90367, 74.143105
20131001_053114_271: 72.78024, 168.7177, 74.51483
20131001_053114_281: 73.07123, 169.0808, 74.675476
20131001_053114_290: 73.62312, 169.79675, 74.94487
20131001_053114_309: 74.24455, 170.54439, 75.53743
20131001_053114_314: 74.78741, 171.29196, 75.81812
20131001_053114_320: 75.50552, 172.2517, 76.3277
20131001_053114_326: 75.85173, 172.7756, 76.47547
20131001_053114_331: 76.63586, 173.61568, 76.86488
20131001_053114_339: 77.28363, 174.29567, 77.19225
20131001_053114_346: 77.47445, 174.21378, 76.855644
20131001_053114_362: 77.86311, 174.53488, 76.90571
20131001_053114_368: 78.64486, 175.28107, 77.43723
20131001_053114_374: 79.06925, 175.61322, 77.80208
20131001_053114_379: 79.54756, 176.23378, 77.89803
20131001_053114_389: 80.23083, 176.8825, 78.23278
20131001_053114_408: 81.13041, 178.27351, 78.48884
20131001_053114_415: 81.79215, 179.08386, 78.59729
20131001_053114_432: 82.15224, 179.53749, 78.59424
20131001_053114_437: 82.429375, -179.82336, 78.2778
20131001_053114_443: 82.823326, -178.99496, 78.76577
20131001_053114_449: 83.02244, -178.22276, 79.0202
20131001_053114_454: 83.27715, -177.50359, 78.62989
20131001_053114_462: 83.5517, -177.12027, 78.839325
20131001_053114_471: 83.66765, -176.39853, 78.34799
20131001_053114_487: 83.78505, -176.09908, 78.62555
20131001_053114_492: 83.94405, -176.0258, 78.425255
20131001_053114_498: 84.29111, -176.52919, 78.66502
20131001_053114_504: 84.36564, -176.28624, 78.91891
20131001_053114_517: 84.57543, -176.25037, 78.653786
20131001_053114_541: 84.616035, -176.1493, 78.38413
20131001_053114_553: 84.75113, -176.02641, 78.30164
20131001_053114_557: 84.88458, -176.16031, 78.873184
20131001_053114_561: 84.75135, -175.81097, 79.260254
20131001_053114_566: 84.89044, -175.81625, 79.46501
20131001_053114_571: 84.55936, -175.16646, 79.66834
20131001_053114_577: 84.13495, -174.58551, 79.76462
20131001_053114_595: 83.89731, -174.16908, 79.73123
20131001_053114_609: 83.73767, -173.93987, 79.398964
20131001_053114_613: 83.50012, -173.57867, 79.78982
20131001_053114_619: 82.90248, -172.95894, 80.02573
20131001_053114_622: 83.12793, -173.14597, 80.6377
20131001_053114_629: 82.47179, -172.45587, 79.77163
20131001_053114_636: 81.64051, -171.5994, 78.86343
20131001_053114_644: 81.84009, -171.79857, 78.54961
20131001_053114_660: 82.68248, -172.64067, 79.60255
20131001_053114_665: 82.26523, -172.22797, 79.258865
20131001_053114_669: 82.49574, -172.47298, 78.887146
20131001_053114_674: 82.55818, -172.54906, 79.203026
20131001_053114_679: 82.72644, -172.74945, 79.66557
20131001_053114_685: 82.343094, -172.38565, 79.22458
20131001_053114_695: 82.40722, -172.50418, 79.678505
20131001_053114_710: 82.126465, -172.25548, 79.266556
20131001_053114_715: 82.05926, -172.20746, 79.40206
20131001_053114_720: 82.40434, -172.5798, 79.8432
20131001_053114_725: 81.985, -172.21307, 78.94408
20131001_053114_730: 82.13232, -172.41165, 79.05025
20131001_053114_737: 81.93977, -172.2349, 78.4502
20131001_053114_744: 82.07236, -172.40862, 78.1093
20131001_053114_765: 82.248985, -172.6269, 77.94772
20131001_053114_771: 81.99246, -172.44038, 77.42897
20131001_053114_776: 81.06058, -171.6665, 76.72491
20131001_053114_782: 81.687035, -172.34424, 77.34414
20131001_053114_788: 81.128204, -171.94823, 77.52229
20131001_053114_811: 81.7205, -172.5851, 78.32746
20131001_053114_837: 82.52995, -173.42271, 78.88172
20131001_053114_847: 82.93096, -173.941, 79.40513
20131001_053114_853: 83.32075, -174.37616, 78.7456
20131001_053114_858: 82.66737, -173.81566, 78.018936
20131001_053114_868: 82.991196, -174.2692, 78.26714
20131001_053114_874: 83.32831, -174.67766, 78.20752
20131001_053114_898: 82.27691, -173.73177, 77.835526
20131001_053114_911: 82.008385, -173.59625, 77.30139
20131001_053114_921: 81.73411, -173.48291, 76.75705
20131001_053114_926: 81.95998, -173.84102, 77.00959
20131001_053114_932: 82.06913, -174.02557, 76.9765
20131001_053114_939: 81.99456, -174.09343, 77.13192
20131001_053114_946: 81.81839, -173.98827, 77.23159
20131001_053114_955: 81.38073, -173.80305, 77.08466
20131001_053114_971: 81.426414, -174.16336, 77.17207
20131001_053114_977: 80.82558, -173.82834, 77.140396
20131001_053114_981: 80.43416, -173.755, 77.17736
20131001_053114_988: 79.97866, -173.44472, 76.87305
20131001_053114_992: 79.154816, -172.79988, 76.423256
20131001_053114_998: 78.88122, -172.60655, 75.93436
20131001_053115_017: 78.9049, -172.64333, 75.84912
20131001_053115_038: 78.632416, -172.30212, 75.75587
20131001_053115_043: 78.63351, -172.13142, 75.61974
20131001_053115_047: 78.277725, -171.6984, 75.411476
20131001_053115_051: 78.203636, -171.58597, 74.98892
20131001_053115_056: 77.882034, -171.27695, 74.76827
20131001_053115_072: 77.64879, -171.0217, 74.366745
20131001_053115_078: 77.90841, -171.38364, 74.65956
20131001_053115_091: 77.96788, -171.45009, 74.670715
20131001_053115_096: 78.08064, -171.6359, 75.04584
20131001_053115_100: 78.55137, -172.19421, 75.156845
20131001_053115_107: 78.63698, -172.43602, 75.70677
20131001_053115_113: 78.898056, -172.54013, 75.86266
20131001_053115_118: 78.68184, -172.39975, 75.91637
20131001_053115_127: 79.04184, -172.76318, 76.24215
20131001_053115_138: 78.90322, -172.52666, 76.368996
20131001_053115_141: 79.089386, -172.8339, 76.59575
20131001_053115_145: 79.1163, -172.93431, 76.74494
20131001_053115_148: 79.09156, -173.08926, 76.6508
20131001_053115_153: 78.90113, -173.02344, 76.73748
20131001_053115_158: 79.137856, -173.27745, 76.94006
20131001_053115_162: 78.96484, -173.0921, 77.045265
20131001_053115_173: 78.62274, -172.76991, 76.73279
20131001_053115_176: 78.89943, -173.02698, 77.04516
20131001_053115_179: 78.530266, -172.61862, 76.99272
20131001_053115_182: 77.98912, -172.0912, 76.724106
20131001_053115_186: 77.75012, -171.9371, 76.87747
20131001_053115_201: 77.34686, -171.55367, 76.56409
20131001_053115_206: 77.11374, -171.45436, 76.412865
20131001_053115_217: 77.11722, -171.52605, 76.44606
20131001_053115_221: 77.12457, -171.6475, 76.53738
20131001_053115_226: 76.95537, -171.57361, 76.59127
20131001_053115_233: 76.51046, -171.17006, 76.57016
20131001_053115_238: 76.10245, -170.8153, 76.35738
20131001_053115_244: 75.69579, -170.49327, 76.17913
20131001_053115_251: 75.15582, -169.97372, 75.88476
20131001_053115_264: 75.12512, -170.00623, 75.932205
20131001_053115_268: 75.03305, -170.05713, 75.9373
20131001_053115_272: 74.78165, -169.8877, 75.590675
20131001_053115_277: 74.36028, -169.59004, 75.37503
20131001_053115_281: 74.08837, -169.51543, 75.265305
20131001_053115_288: 73.9731, -169.48682, 75.13178
20131001_053115_293: 74.026566, -169.7515, 74.96071
20131001_053115_305: 73.42534, -169.1842, 74.65425
20131001_053115_308: 73.1629, -168.82974, 74.44872
20131001_053115_312: 73.48218, -169.24799, 74.50147
20131001_053115_315: 73.19278, -168.8705, 74.06725
20131001_053115_319: 72.91186, -168.5877, 74.023056
20131001_053115_325: 73.338165, -169.05014, 74.55648
20131001_053115_330: 73.43395, -169.22093, 74.5626
20131001_053115_341: 72.89301, -168.64595, 73.94586
20131001_053115_347: 212.66634, -168.46262, 73.68822
20131001_053115_352: 212.93105, -168.34865, 73.40085
20131001_053115_355: 212.78903, -168.46039, 73.566345
20131001_053115_359: 72.92899, -169.16121, 74.0997
20131001_053115_365: 72.44552, -168.72202, 73.99189
20131001_053115_372: 72.53971, -168.85541, 73.995
20131001_053115_384: 72.07778, -168.46698, 73.68192
20131001_053115_388: 210.39877, -168.14616, 73.61545
20131001_053115_393: 211.61523, -168.45178, 73.644936
20131001_053115_397: 210.39766, -168.00345, 73.27921
20131001_053115_400: 211.71844, -168.35333, 73.32392
20131001_053115_416: 210.96107, -168.33376, 73.52626
20131001_053115_421: 210.90645, -168.23282, 73.3538
20131001_053115_432: 209.96426, -168.38574, 73.819695
20131001_053115_437: 71.404045, -168.87439, 73.83086
20131001_053115_441: 71.769226, -169.35179, 74.53884
20131001_053115_446: 71.72288, -169.32196, 74.4567
20131001_053115_451: 72.25313, -170.06595, 75.22958
20131001_053115_458: 72.4621, -170.3793, 75.55561
20131001_053115_462: 72.490074, -170.64948, 75.61496
20131001_053115_480: 72.777954, -171.09462, 76.28262
20131001_053115_485: 73.41781, -171.76404, 76.578545
20131001_053115_490: 73.52634, -171.96193, 77.079506
20131001_053115_495: 73.83726, -172.10498, 77.312485
20131001_053115_501: 74.04806, -172.21524, 77.46433
20131001_053115_507: 74.36317, -172.40962, 77.33793
20131001_053115_524: 74.72189, -172.78003, 77.43411
20131001_053115_571: 75.23878, -173.3157, 78.05431
20131001_053115_622: 75.57806, -173.65234, 78.4359
20131001_053115_671: 75.84533, -174.02919, 78.637474
20131001_053115_723: 76.47449, -174.67467, 79.00432
20131001_053115_784: 76.1734, -174.3483, 79.18418
20131001_053115_821: 76.75006, -175.01608, 79.63498
20131001_053115_872: 77.329704, -175.90297, 79.77089
20131001_053115_922: 77.77332, -176.70319, 80.47987
20131001_053115_973: 78.486115, -177.65622, 80.56299
20131001_053116_022: 78.31293, -177.39491, 81.00615
20131001_053116_074: 78.49513, -177.47221, 81.03529
20131001_053116_122: 78.81083, -177.85358, 81.49716
20131001_053116_171: 78.728035, -177.5727, 81.22293
20131001_053116_224: 78.407364, -177.13968, 80.61844
20131001_053116_271: 78.21177, -176.99733, 80.780815
20131001_053116_321: 77.93851, -176.66138, 80.26482
20131001_053116_374: 78.01452, -176.82956, 80.59684
20131001_053116_421: 77.848946, -176.41356, 80.053116
20131001_053116_475: 77.62672, -176.38708, 79.6071
20131001_053116_521: 78.1814, -177.08093, 80.40115
20131001_053116_571: 77.97113, -176.84645, 80.477005
20131001_053116_622: 78.15968, -177.02072, 80.18296
20131001_053116_672: 77.94867, -177.11699, 80.59272
20131001_053116_726: 78.14784, -177.20709, 80.57049
20131001_053116_771: 78.1341, -177.42928, 80.82915
20131001_053116_821: 78.545845, -178.12122, 82.02696
20131001_053116_872: 78.71947, -177.96361, 82.3916
20131001_053116_921: 78.74596, -178.36142, 83.38296
20131001_053116_977: 79.02144, -178.82178, 83.680756
20131001_053117_021: 79.194435, -179.24866, 84.427826
20131001_053117_071: 79.27827, -178.91843, 83.656166
20131001_053117_122: 79.39104, -178.98387, 83.13937
20131001_053117_171: 79.5189, -179.01088, 83.14152
20131001_053117_221: 79.61238, -179.34029, 83.77262
20131001_053117_273: 79.559616, -178.91277, 82.90554
20131001_053117_321: 79.07799, -178.76952, 82.60403
20131001_053117_372: 79.53811, -179.66568, 83.44172
20131001_053117_421: 79.61268, -179.74974, 83.2713
20131001_053117_471: 79.77893, 179.44519, 83.59698
20131001_053117_521: 79.67889, -179.71904, 83.80313
20131001_053117_574: 80.03963, 179.13904, 83.51845
20131001_053117_622: 80.200584, 178.72032, 83.16028
20131001_053117_671: 80.34728, 178.58145, 83.50397
20131001_053117_721: 80.32395, 179.47337, 83.21105
20131001_053117_771: 80.29973, 179.926, 83.21122
20131001_053117_821: 80.40367, 179.77519, 83.19563
20131001_053117_887: 80.43872, 179.43912, 83.622635
20131001_053117_921: 80.41732, 179.81714, 83.338524
20131001_053117_971: 80.2502, 179.99994, 83.17594
20131001_053118_021: 80.333145, -179.85686, 83.568306
20131001_053118_071: 80.373314, -179.66167, 83.64627
20131001_053118_122: 80.53341, -179.72177, 83.54378
20131001_053118_173: 80.915, 179.74443, 83.81044
20131001_053118_221: 80.92406, 179.7795, 83.53928
20131001_053118_271: 81.20467, 179.2787, 83.11277
20131001_053118_321: 81.06517, 179.30916, 83.16121
20131001_053118_372: 81.11943, 179.79225, 82.83613
20131001_053118_421: 80.73756, -179.37152, 82.37877
20131001_053118_473: 79.82015, -177.7523, 82.42287
20131001_053118_521: 79.96889, -178.10301, 82.294876
20131001_053118_571: 79.77538, -178.2103, 81.5197
20131001_053118_622: 79.545876, -178.36926, 82.13952
20131001_053118_671: 79.49874, -178.30269, 81.96414
20131001_053118_721: 79.44689, -178.8095, 82.21384
20131001_053118_772: 79.29242, -178.7609, 81.766
20131001_053118_821: 79.33003, -179.47597, 81.69185
20131001_053118_872: 79.21836, -179.31538, 81.57374
20131001_053118_921: 79.03825, -179.07013, 81.52964
20131001_053118_971: 78.860664, -178.78307, 81.27185
20131001_053119_021: 78.949326, -179.29124, 81.14582
20131001_053119_072: 78.92277, -179.30771, 81.46204
20131001_053119_122: 78.73626, -178.94902, 81.27081
20131001_053119_171: 78.51274, -179.22755, 81.04707
20131001_053119_221: 78.449295, -179.26097, 81.170815
20131001_053119_271: 78.4853, -179.4801, 80.95268
20131001_053119_321: 78.43012, -179.54054, 81.00229
20131001_053119_374: 78.364006, -179.38792, 80.94371
20131001_053119_421: 78.15751, -179.00261, 80.547195
20131001_053119_471: 77.84769, -178.60115, 80.72757
20131001_053119_521: 77.74822, -178.38351, 80.65604
20131001_053119_571: 77.96633, -178.95256, 81.17442
20131001_053119_622: 78.07475, -178.44934, 81.327194
20131001_053119_671: 78.309586, -178.96631, 81.4308
20131001_053119_721: 78.3632, -178.74034, 81.54376
20131001_053119_771: 78.5642, -178.79243, 81.58544
20131001_053119_821: 78.62485, -178.74306, 81.45635
20131001_053119_872: 78.79424, -178.97575, 81.6748
20131001_053119_923: 78.88731, -179.17987, 81.849464
20131001_053119_971: 78.689285, -178.72241, 81.90626
20131001_053120_022: 78.79116, -178.77397, 81.59488
20131001_053120_071: 78.7227, -178.97104, 81.77328
20131001_053120_122: 78.760445, -178.93988, 82.029465
20131001_053120_171: 78.67974, -178.48459, 82.05705
20131001_053120_223: 78.48534, -178.31856, 81.81802
20131001_053120_271: 78.667435, -178.5795, 82.083336
20131001_053120_321: 78.58779, -178.30779, 81.90637
20131001_053120_372: 78.68193, -178.66838, 81.96187
20131001_053120_422: 78.80306, -178.98518, 82.36416
20131001_053120_471: 78.98765, -179.21861, 82.38248
20131001_053120_524: 78.93443, -179.4932, 82.680115
20131001_053120_574: 79.11573, -179.94765, 82.37185
20131001_053120_622: 79.0485, 179.82768, 82.985016
20131001_053120_671: 79.02426, -179.86826, 82.8979
20131001_053120_721: 79.07974, -179.82452, 82.74695
20131001_053120_771: 79.34149, 179.1609, 83.247215
20131001_053120_825: 79.734695, 178.86572, 83.49465
20131001_053120_872: 79.47505, 179.62524, 83.46548
20131001_053120_921: 79.29953, -179.91438, 83.51895
20131001_053120_971: 79.3222, 179.97101, 83.53957
20131001_053121_021: 79.22045, 179.95865, 83.43274
20131001_053121_071: 79.27664, 179.87114, 83.74277
20131001_053121_122: 79.31786, -179.99232, 83.765656
20131001_053121_171: 79.46935, 179.87889, 83.97855
20131001_053121_223: 79.5708, 179.5235, 84.32522
20131001_053121_271: 79.875916, 179.48964, 84.50316
20131001_053121_322: 79.73743, -179.91164, 84.69088
20131001_053121_376: 79.73261, -179.6434, 84.04008
20131001_053121_421: 79.98582, 179.52914, 84.72652
20131001_053121_471: 80.39727, 179.13406, 84.259865
20131001_053121_522: 80.19591, 179.5325, 84.61198
20131001_053121_572: 80.201706, 179.78708, 84.687096
20131001_053121_622: 80.258255, 179.69972, 84.50441
20131001_053121_672: 80.16172, -179.9903, 84.24916
20131001_053121_721: 80.24106, 179.7373, 84.19569
20131001_053121_772: 80.2923, 179.72096, 84.13778
20131001_053121_821: 80.40613, 179.30199, 84.37154
20131001_053121_872: 80.40266, 179.04475, 84.442474
20131001_053121_921: 80.450035, 178.23065, 84.36634
20131001_053121_973: 80.27742, 178.23419, 84.31546
20131001_053122_021: 80.307144, 178.51736, 84.00531
20131001_053122_071: 80.135345, 178.96996, 83.9158
20131001_053122_122: 80.27569, 178.86356, 83.805786
20131001_053122_171: 80.40412, 178.1691, 83.81093
20131001_053122_272: 80.62211, 178.33478, 83.904495
20131001_053122_321: 80.40919, 178.96323, 83.96215
20131001_053122_372: 80.73458, 177.82372, 84.063194
20131001_053122_421: 80.64351, 177.46439, 83.634964
20131001_053122_471: 80.5277, 178.2684, 83.98496
20131001_053122_521: 80.3581, 179.21582, 84.391846
20131001_053122_579: 80.26753, 179.06042, 84.11593
20131001_053122_622: 80.16331, 178.70961, 83.72946
20131001_053122_671: 79.947395, 178.9866, 83.84131
20131001_053122_722: 79.87321, 179.51466, 83.89994
20131001_053122_771: 79.70506, 179.70795, 83.90732
20131001_053122_821: 79.59363, 179.55833, 83.88921
20131001_053122_884: 79.58011, 179.59723, 83.8454
20131001_053122_921: 79.3981, 179.85707, 84.27446
20131001_053122_972: 79.30861, 179.80457, 84.316696
20131001_053123_021: 79.28755, 179.28465, 84.2379
20131001_053123_071: 79.19821, 179.04474, 84.3589
20131001_053123_121: 78.87746, 179.57007, 83.93446
20131001_053123_173: 78.74239, 179.32831, 83.60856
20131001_053123_221: 78.52238, 179.24521, 83.47434
20131001_053123_271: 78.250435, 179.8621, 83.61049
20131001_053123_321: 78.12786, 179.58754, 83.46047
20131001_053123_371: 78.07391, 179.14687, 83.34643
20131001_053123_421: 78.00016, 178.84047, 83.39456
20131001_053123_473: 77.9278, 179.26765, 83.31309
20131001_053123_521: 77.747986, 179.48589, 83.601326
20131001_053123_571: 77.8104, 179.5317, 83.78022
20131001_053123_621: 78.00256, 179.59137, 84.442215
20131001_053123_671: 78.286476, 179.17981, 84.020325
20131001_053123_722: 78.10545, 179.98271, 84.35869
20131001_053123_772: 78.240654, -179.2734, 84.28227
20131001_053123_821: 78.32125, -179.21422, 84.20703
20131001_053123_871: 78.52263, -179.58879, 84.60826
20131001_053123_921: 78.75929, -179.90489, 84.57168
20131001_053123_971: 78.91033, 179.71675, 84.84081
20131001_053124_021: 78.798836, -179.73466, 84.35872
20131001_053124_072: 78.719086, -179.75905, 84.46639
20131001_053124_121: 78.75311, -179.5047, 84.39585
20131001_053124_171: 78.89335, -179.93117, 84.40924
20131001_053124_221: 78.74635, -179.44897, 84.61425
20131001_053124_271: 78.95869, -179.5284, 84.665085
20131001_053124_321: 78.888405, -179.14348, 84.50565
20131001_053124_372: 78.923935, -178.67601, 84.2484
20131001_053124_421: 79.08271, -178.8228, 84.277664
20131001_053124_471: 78.85675, -178.20224, 83.98174
20131001_053124_521: 79.017044, -178.14534, 83.89379
20131001_053124_572: 79.18992, -178.40842, 84.302376
20131001_053124_622: 79.58297, -178.94566, 84.720634
20131001_053124_671: 79.25265, -178.13303, 84.39638
20131001_053124_722: 79.32277, -178.3556, 84.82377
20131001_053124_771: 79.73077, -178.88763, 85.20729
20131001_053124_821: 79.67672, -179.02841, 85.45134
20131001_053124_871: 79.99835, -179.22507, 85.511696
20131001_053124_923: 79.81434, -178.8375, 85.427
20131001_053124_971: 79.62509, -178.44669, 85.24188
20131001_053125_022: 79.4256, -177.95499, 85.06226
20131001_053125_071: 79.55612, -178.14903, 85.035416
20131001_053125_122: 79.74817, -178.29222, 84.93112
20131001_053125_171: 80.03343, -178.60266, 85.19564
20131001_053125_225: 80.5296, -178.9905, 85.6316
20131001_053125_272: 80.677895, -178.74985, 85.29824
20131001_053125_322: 80.7863, -178.45247, 85.27114
20131001_053125_372: 81.207634, -178.83334, 85.57325
20131001_053125_421: 81.352776, -178.8078, 85.65597
20131001_053125_471: 81.37547, -179.01918, 85.93039
20131001_053125_524: 81.52423, -179.07257, 86.06462
20131001_053125_572: 81.31391, -178.84186, 85.93339
20131001_053125_624: 81.19754, -178.70079, 85.8773
20131001_053125_671: 81.07584, -178.7128, 85.74496
20131001_053125_722: 81.00621, -178.68588, 85.49617
20131001_053125_771: 81.11634, -179.10786, 85.96919
20131001_053125_822: 81.13778, -179.34314, 86.122734
20131001_053125_872: 81.077095, -179.29868, 86.12518
20131001_053125_921: 81.089424, -179.52052, 85.82258
20131001_053125_971: 80.96583, -179.78648, 85.70308
20131001_053126_021: 80.8792, -179.78343, 85.229416
20131001_053126_071: 80.7461, 179.82443, 85.32647
20131001_053126_122: 80.69313, 179.75716, 85.23203
20131001_053126_176: 80.175705, -179.76929, 85.250626
20131001_053126_221: 80.090416, -179.76788, 84.912605
20131001_053126_272: 79.94931, 179.78864, 84.929405
20131001_053126_321: 79.54383, -179.42914, 84.64643
20131001_053126_374: 79.33659, -179.01974, 84.44599
20131001_053126_421: 79.37681, -179.53166, 85.06465
20131001_053126_471: 79.421295, -178.92673, 84.79164
20131001_053126_521: 79.22884, -178.30536, 84.469345
20131001_053126_571: 79.334885, -178.50516, 84.960625
20131001_053126_622: 79.10246, -177.94583, 84.7942
20131001_053126_675: 78.913765, -177.7553, 84.6588
20131001_053126_721: 79.03231, -177.904, 84.86911
20131001_053126_772: 79.10733, -177.5457, 84.583
20131001_053126_821: 79.1345, -177.22858, 84.25385
20131001_053126_872: 79.418106, -177.55742, 84.54542
20131001_053126_921: 79.52539, -177.56087, 84.73517
20131001_053126_971: 79.43068, -177.50763, 84.59952
20131001_053127_021: 79.55868, -177.53079, 84.475
20131001_053127_071: 79.58248, -177.32657, 84.23977
20131001_053127_122: 79.71851, -177.33327, 84.15569
20131001_053127_171: 79.89733, -177.63214, 84.39306
20131001_053127_234: 79.99083, -177.70087, 84.56905
20131001_053127_272: 80.07455, -177.92476, 84.57262
20131001_053127_321: 80.15331, -178.12073, 84.70648
20131001_053127_372: 80.30153, -178.07953, 84.536446
20131001_053127_421: 80.11029, -177.90128, 84.53303
20131001_053127_471: 80.58589, -178.40634, 84.819496
20131001_053127_524: 80.309875, -178.07893, 85.04169
20131001_053127_572: 80.28189, -177.80695, 84.597626
20131001_053127_622: 80.26441, -178.16248, 84.80521
20131001_053127_671: 80.475624, -178.40828, 84.71244
20131001_053127_721: 80.41491, -178.6455, 84.92138
20131001_053127_771: 80.63159, -178.95096, 85.20965
20131001_053127_823: 80.46149, -178.91835, 85.17779
20131001_053127_872: 80.435974, -178.9075, 85.18754
20131001_053127_921: 80.454796, -179.25133, 85.28982
20131001_053127_971: 80.48916, -179.37354, 85.157814
20131001_053128_021: 80.54177, -179.44687, 85.15965
20131001_053128_071: 80.605, -179.60376, 85.20111
20131001_053128_124: 80.46502, -179.27623, 85.02039
20131001_053128_171: 80.28065, -179.01518, 85.01472
20131001_053128_221: 80.26047, -178.96455, 84.73047
20131001_053128_271: 79.99769, -178.60286, 84.35915
20131001_053128_321: 80.159744, -178.94923, 84.60468
20131001_053128_372: 80.24549, -179.08005, 84.816055
20131001_053128_423: 80.27408, -178.781, 84.68476
20131001_053128_471: 80.109795, -178.5509, 84.693184
20131001_053128_521: 80.13443, -178.48279, 84.54834
20131001_053128_572: 80.102585, -178.55191, 84.58024
20131001_053128_623: 79.919304, -178.34935, 84.39227
20131001_053128_671: 79.96543, -178.45105, 84.45143
20131001_053128_722: 80.06397, -178.61255, 84.568954
20131001_053128_772: 80.18524, -178.98494, 85.02357
20131001_053128_821: 80.645294, -179.52716, 85.45036
20131001_053128_873: 80.636444, -179.30145, 85.406075
20131001_053128_921: 80.6267, -179.15518, 85.29048
20131001_053128_971: 80.78549, -179.48363, 85.43564
20131001_053129_022: 80.79376, -178.88588, 84.975945
20131001_053129_071: 80.634766, -178.64528, 85.2988
20131001_053129_123: 80.47702, -178.34578, 85.30994
20131001_053129_171: 80.53285, -178.47096, 85.35682
20131001_053129_221: 80.34434, -178.20647, 85.272316
20131001_053129_271: 80.361496, -178.21747, 84.930504
20131001_053129_322: 80.46719, -178.23941, 85.19906
20131001_053129_373: 80.14337, -177.45207, 84.54505
20131001_053129_421: 80.22822, -177.80367, 84.86793
20131001_053129_472: 80.26868, -177.83511, 84.62373
20131001_053129_522: 79.97487, -177.52615, 84.619934
20131001_053129_571: 79.74719, -177.26785, 84.18308
20131001_053129_623: 79.853134, -177.67104, 84.37216
20131001_053129_671: 79.88339, -177.55957, 84.27891
20131001_053129_721: 80.08372, -177.73973, 84.64156
20131001_053129_771: 80.35029, -178.05518, 84.99993
20131001_053129_821: 80.47723, -178.21327, 85.250145
20131001_053129_876: 80.52915, -178.09695, 85.14314
20131001_053129_971: 80.6138, -178.1919, 85.09755
20131001_053130_023: 80.42926, -177.9656, 84.77516
20131001_053130_071: 80.70646, -178.13434, 85.18501
20131001_053130_124: 80.42914, -177.86438, 84.45196
20131001_053130_171: 79.79196, -176.97896, 84.187164
20131001_053130_221: 80.12847, -177.51013, 84.239494
20131001_053130_272: 80.3093, -178.47746, 84.877106
20131001_053130_321: 80.08874, -177.80548, 85.132904
20131001_053130_373: 80.46087, -178.56184, 85.07782
20131001_053130_421: 80.070526, -177.90886, 85.070145
20131001_053130_473: 80.255, -177.97368, 85.34575
20131001_053130_522: 80.5203, -178.22755, 85.427
20131001_053130_572: 80.64217, -178.55943, 85.64489
20131001_053130_624: 80.98578, -179.57982, 86.16074
20131001_053130_671: 81.36849, 179.80478, 86.77266
20131001_053130_722: 80.929184, -178.94322, 86.329605
20131001_053130_771: 80.79227, -179.08983, 85.99993
20131001_053130_822: 81.1903, -179.79483, 86.603935
20131001_053130_871: 81.12282, -179.60017, 87.54047
20131001_053130_922: 80.99567, -178.74553, 87.079735
20131001_053130_971: 81.086876, -178.54156, 86.49391
20131001_053131_022: 81.10626, -178.6412, 86.45046
20131001_053131_071: 81.008255, -178.83548, 86.252266
20131001_053131_121: 81.40694, -179.79492, 86.585075
20131001_053131_171: 81.085434, -179.72078, 86.71986
20131001_053131_221: 81.20306, -179.62251, 87.62534
20131001_053131_274: 80.95202, -179.43428, 86.98179
20131001_053131_324: 80.6953, -179.40892, 87.51213
20131001_053131_371: 80.47133, -178.40213, 86.84072
20131001_053131_421: 79.47636, -176.88924, 85.54738
20131001_053131_471: 79.32453, -176.95047, 85.899796
20131001_053131_523: 79.59759, -177.38553, 86.21092
20131001_053131_572: 79.79438, -178.14532, 87.442154
20131001_053131_626: 79.89192, -178.3771, 88.098755
20131001_053131_671: 80.200745, -178.80307, 88.6643
20131001_053131_721: 79.6666, -178.3031, 88.07053
20131001_053131_772: 80.18321, -178.90036, 88.48193
20131001_053131_821: 80.01643, -179.23772, 88.91904
20131001_053131_871: 80.069496, -179.08159, 88.68657
20131001_053131_921: 79.86439, -179.27603, 88.021614
20131001_053131_971: 80.00021, -179.07385, 88.28627
20131001_053132_022: 79.6866, -178.55388, 87.79867
20131001_053132_071: 79.9031, -179.22371, 88.56446
20131001_053132_121: 79.83237, -178.91066, 88.69047
20131001_053132_173: 80.038704, -178.96225, 88.80651
20131001_053132_221: 79.72739, -178.49532, 88.408424
20131001_053132_273: 79.90407, -178.99963, 88.83965
20131001_053132_321: 79.76334, -178.58356, 88.31197
20131001_053132_371: 79.80903, -179.06137, 88.64411
20131001_053132_421: 79.73519, -179.04582, 88.581375
20131001_053132_484: 79.758865, -179.08998, 88.65231
20131001_053132_521: 79.711044, -178.88368, 88.572655
20131001_053132_572: 79.536766, -178.75536, 88.52455
20131001_053132_621: 79.648, -178.86406, 88.73613
20131001_053132_671: 79.67357, -178.91177, 88.71493
20131001_053132_721: 79.78929, -179.4545, 89.296234
20131001_053132_772: 79.78211, -179.10968, 89.08824
20131001_053132_821: 79.81607, -0.7962395, 89.17722
20131001_053132_871: 79.9442, -0.56715566, 89.35478
20131001_053132_921: 79.804276, -0.64931566, 89.123505
20131001_053132_971: 79.864845, -0.7686412, 88.914505
20131001_053133_021: 79.95163, -0.6936005, 89.02005
20131001_053133_072: 79.909874, -0.39094943, 88.96475
20131001_053133_121: 79.87263, -0.7347606, 88.665
20131001_053133_171: 79.86996, -0.72027606, 88.64944
20131001_053133_221: 79.7804, -0.7826924, 88.6145
20131001_053133_271: 79.61038, -1.1715717, 88.12181
20131001_053133_321: 79.66188, -0.87485486, 88.33584
20131001_053133_372: 79.57945, -0.58435506, 88.1977
20131001_053133_421: 79.51355, -0.91299576, 87.97677
20131001_053133_471: 79.54742, -0.65628946, 87.89394
20131001_053133_521: 79.674515, -0.70895755, 87.81107
20131001_053133_572: 79.64547, -0.7039216, 87.549706
20131001_053133_621: 79.60466, -1.204818, 87.58343
20131001_053133_672: 79.46853, -1.5310289, 87.58461
20131001_053133_721: 79.42439, -1.1541598, 87.45825
20131001_053133_771: 79.456245, -1.3380873, 87.525986
20131001_053133_821: 79.44881, -0.99696594, 87.38878
20131001_053133_871: 79.46894, -0.93170613, 87.63247
20131001_053133_921: 79.52902, -0.48390067, 87.21969
20131001_053133_972: 79.50958, -0.6189057, 87.42639
20131001_053134_021: 79.51813, -0.38677773, 87.279884
20131001_053134_071: 79.47472, -0.5220608, 87.44175
20131001_053134_121: 79.478294, -0.6514859, 86.996765
20131001_053134_171: 79.512146, -1.0026051, 87.057175
20131001_053134_221: 79.47151, -1.354368, 86.94336
20131001_053134_272: 79.57159, -1.3053637, 87.07204
20131001_053134_321: 79.480774, -1.6811761, 86.658195
20131001_053134_371: 79.4614, -1.7063395, 86.57941
20131001_053134_421: 79.53292, -1.5305542, 86.40368
20131001_053134_471: 79.557365, -1.2350912, 86.19314
20131001_053134_521: 79.602036, -1.1552355, 86.729416
20131001_053134_572: 79.62458, -1.06581, 86.9408
20131001_053134_621: 79.68166, -0.79184574, 87.34468
20131001_053134_671: 79.58977, -1.1361022, 87.56583
20131001_053134_721: 79.66048, -1.1278447, 87.8638
20131001_053134_771: 79.74299, -1.3021169, 88.142555
20131001_053134_821: 79.78313, -1.149796, 88.562706
20131001_053134_871: 79.92541, -1.1586854, 88.841156
20131001_053134_921: 79.78206, -178.77452, 88.386765
20131001_053134_975: 79.72778, -178.92744, 87.66593
20131001_053135_022: 79.673035, -178.89046, 86.81423
20131001_053135_071: 79.53815, -178.91632, 86.40607
20131001_053135_121: 79.54631, -178.68674, 85.700645
20131001_053135_171: 79.58346, -178.6826, 85.43656
20131001_053135_221: 79.64509, -178.67004, 85.15735
20131001_053135_272: 79.69455, -178.62529, 85.180145
20131001_053135_321: 79.70746, -178.38564, 84.93646
20131001_053135_371: 79.602715, -178.46611, 85.113495
20131001_053135_424: 79.46209, -178.253, 84.97413
20131001_053135_471: 79.39058, -178.24916, 85.16769
20131001_053135_522: 79.23486, -177.743, 84.74282
20131001_053135_572: 79.33803, -178.01665, 85.028885
20131001_053135_621: 79.49314, -177.99666, 84.86085
20131001_053135_671: 79.41851, -178.00584, 84.82335
20131001_053135_722: 79.49893, -178.09766, 84.67624
20131001_053135_772: 79.45286, -178.1517, 84.425316
20131001_053135_821: 79.242096, -177.87491, 83.81199
20131001_053135_871: 79.18255, -177.73615, 83.29096
20131001_053135_921: 78.9721, -177.54074, 82.76406
20131001_053135_971: 78.898056, -177.46295, 82.473625
20131001_053136_022: 79.032295, -177.68475, 82.3187
20131001_053136_071: 79.06502, -177.8518, 82.28561
20131001_053136_121: 78.8941, -177.52605, 81.98445
20131001_053136_171: 79.02105, -177.55707, 81.69937
20131001_053136_221: 78.7492, -177.21346, 81.24035
20131001_053136_272: 78.998474, -177.42291, 80.89113
20131001_053136_321: 78.31449, -176.47647, 80.03418
20131001_053136_371: 78.75199, -177.31061, 80.15635
20131001_053136_421: 78.97107, -177.75636, 80.035805
20131001_053136_471: 78.528534, -176.92511, 79.87828
20131001_053136_522: 78.11299, -176.33313, 79.4611
20131001_053136_586: 79.32839, -178.26491, 80.34437
20131001_053136_622: 80.07652, -179.21004, 81.032364
20131001_053136_671: 80.13532, -179.2303, 81.483864
20131001_053136_721: 79.573654, -178.04773, 81.32501
20131001_053136_772: 79.670265, -178.11853, 80.67491
20131001_053136_821: 79.99557, -179.02045, 80.19049
20131001_053136_871: 79.61549, -178.02118, 80.367966
20131001_053136_921: 79.387825, -177.68623, 80.15508
20131001_053136_971: 79.12184, -177.28471, 80.05307
20131001_053137_022: 79.220856, -177.4735, 80.01261
20131001_053137_071: 79.20868, -177.63121, 79.687
20131001_053137_121: 78.70944, -176.77763, 79.567
20131001_053137_174: 79.08246, -177.47125, 79.5375
20131001_053137_221: 78.92652, -177.39786, 79.48217
20131001_053137_273: 78.71202, -176.97061, 78.89744
20131001_053137_321: 78.932655, -177.44576, 78.83044
20131001_053137_371: 79.39631, -178.17561, 78.78938
20131001_053137_421: 79.289635, -177.70992, 78.52543
20131001_053137_473: 79.244156, -177.52405, 78.463486
20131001_053137_522: 79.44784, -177.78412, 78.58442
20131001_053137_572: 79.33766, -177.71657, 78.627594
20131001_053137_622: 78.95677, -177.11601, 78.59412
20131001_053137_671: 78.80525, -177.0077, 78.75745
20131001_053137_721: 78.42115, -176.52725, 78.579414
20131001_053137_772: 78.071526, -175.89351, 78.157585
20131001_053137_821: 78.033165, -176.07068, 78.437035
20131001_053137_871: 78.45776, -176.71198, 78.71661
20131001_053137_921: 78.57018, -176.9122, 79.268654
20131001_053137_971: 78.66634, -177.12796, 79.042175
20131001_053138_021: 78.212, -176.49464, 78.93698
20131001_053138_071: 78.40487, -176.72723, 79.24842
20131001_053138_121: 78.56403, -176.93153, 79.24821
20131001_053138_172: 79.126915, -178.02951, 78.922554
20131001_053138_222: 78.829956, -177.43643, 79.36109
20131001_053138_273: 78.748116, -176.96423, 79.65606
20131001_053138_324: 78.193275, -176.11969, 79.500114
20131001_053138_372: 78.14284, -175.79906, 79.72065
20131001_053138_422: 77.87658, -175.41187, 79.38006
20131001_053138_472: 78.25599, -176.00739, 79.52684
20131001_053138_522: 78.90419, -177.1185, 79.76124
20131001_053138_572: 79.689476, -178.32588, 80.56746
20131001_053138_622: 80.30094, -179.64325, 81.1824
20131001_053138_672: 80.37595, -179.68129, 81.37699
20131001_053138_721: 80.128395, -178.94064, 81.262825
20131001_053138_772: 79.73031, -178.15176, 80.75343
20131001_053138_821: 79.25653, -177.1422, 81.34305
20131001_053138_871: 79.548355, -177.35622, 82.0106
20131001_053138_921: 79.85796, -177.93054, 83.01544
20131001_053138_971: 80.04537, -178.40347, 83.02523
20131001_053139_022: 80.05364, -178.43889, 83.41825
20131001_053139_071: 80.18812, -178.61888, 83.648834
20131001_053139_121: 79.90221, -178.34903, 82.88815
20131001_053139_184: 79.74188, -178.2518, 82.80447
20131001_053139_222: 79.72099, -178.42058, 82.77174
20131001_053139_272: 79.46661, -178.13844, 82.36591
20131001_053139_322: 79.54042, -178.65063, 82.72798
20131001_053139_371: 79.280174, -178.23882, 82.30791
20131001_053139_422: 79.285934, -178.3279, 82.8658
20131001_053139_471: 79.05155, -178.25578, 82.809494
20131001_053139_522: 78.854904, -177.94589, 82.098404
20131001_053139_575: 78.63604, -178.29262, 81.76008
20131001_053139_621: 78.61099, -178.53632, 81.47536
20131001_053139_671: 78.56604, -178.83937, 81.0078
20131001_053139_721: 78.48128, -179.09001, 80.61572
20131001_053139_772: 78.06199, -178.63705, 80.395004
20131001_053139_821: 77.66333, -178.35695, 80.0977
20131001_053139_871: 77.25063, -178.0193, 80.01336
20131001_053139_922: 77.39803, -178.74934, 80.527054
20131001_053143_203: 77.48689, -179.01935, 80.894135
20131001_053143_216: 77.5899, 179.94107, 81.59798
20131001_053143_238: 77.781624, 179.43541, 81.08362
20131001_053143_255: 77.456116, 179.63622, 81.36481
20131001_053143_262: 77.596886, 179.5478, 80.83952
20131001_053143_268: 77.381775, -179.90038, 80.947426
20131001_053143_278: 77.5849, 179.81247, 80.85051
20131001_053143_284: 77.574135, -179.68852, 80.122894
20131001_053143_292: 77.43076, -179.34317, 80.088486
20131001_053143_301: 77.753235, 179.94089, 79.23871
20131001_053143_309: 77.678986, -179.82329, 79.535645
20131001_053143_332: 77.5654, -179.38152, 79.20582
20131001_053143_337: 77.65509, -179.63452, 79.05404
20131001_053143_345: 77.345055, -178.93237, 79.320526
20131001_053143_351: 77.42607, -179.27449, 78.333954
20131001_053143_356: 77.61974, 179.61977, 78.45755
20131001_053143_374: 77.47307, 179.94157, 78.841125
20131001_053143_381: 77.623146, 179.81477, 77.91458
20131001_053143_402: 77.36342, 179.98561, 78.67617
20131001_053143_409: 77.52512, -179.71588, 78.66453
20131001_053143_415: 77.61145, -179.76578, 78.605286
20131001_053143_421: 77.83772, 179.64609, 78.47931
20131001_053143_427: 78.067955, 178.9581, 78.28245
20131001_053143_436: 78.09312, 178.88081, 78.7471
20131001_053143_442: 77.72537, 179.77585, 79.16369
20131001_053143_460: 76.98489, -178.65726, 78.407036
20131001_053143_466: 76.72622, -178.20587, 77.864105
20131001_053143_471: 76.69489, -178.1036, 77.86977
20131001_053143_477: 77.02119, -178.44817, 77.89194
20131001_053143_483: 77.39884, -179.02832, 78.06845
20131001_053143_500: 78.01649, -179.93562, 77.92252
20131001_053143_507: 77.681984, -179.41953, 77.87399
20131001_053143_529: 77.76602, -179.48482, 78.03182
20131001_053143_536: 77.82709, -179.90489, 78.37353
20131001_053143_541: 78.003174, 179.58905, 78.42814
20131001_053143_546: 78.01212, 179.14084, 79.033936
20131001_053143_549: 78.28635, 178.47313, 79.09576
20131001_053143_566: 78.50613, 177.86426, 78.720055
20131001_053143_571: 78.566025, 176.97836, 78.80152
20131001_053143_584: 78.772064, 176.59708, 78.58876
20131001_053143_589: 78.97028, 177.03822, 78.99461
20131001_053143_593: 78.936844, 177.82349, 78.97137
20131001_053143_596: 79.0645, 177.25958, 79.35893
20131001_053143_600: 79.080894, 177.3465, 79.27469
20131001_053143_606: 79.177704, 177.94371, 79.35535
20131001_053143_611: 79.1052, 177.09203, 79.30252
20131001_053143_623: 79.31135, 176.78937, 79.28291
20131001_053143_626: 79.34948, 176.01498, 79.32009
20131001_053143_630: 79.59427, 176.04092, 79.2969
20131001_053143_633: 79.69543, 176.52412, 79.30114
20131001_053143_637: 79.79938, 176.73305, 79.58413
20131001_053143_654: 79.95444, 176.67798, 79.18867
20131001_053143_662: 80.072044, 176.70636, 78.98222
20131001_053143_676: 80.14659, 177.26411, 79.44584
20131001_053143_680: 80.37201, 177.21397, 79.093315
20131001_053143_683: 80.40061, 177.50497, 79.12113
20131001_053143_687: 80.581856, 177.6261, 78.84639
20131001_053143_691: 80.78553, 177.03342, 78.72008
20131001_053143_708: 81.083984, 177.25171, 78.84742
20131001_053143_721: 81.25158, 177.41316, 78.802826
20131001_053143_725: 81.35198, 177.21735, 78.96406
20131001_053143_729: 81.35137, 177.38025, 79.28135
20131001_053143_733: 81.36776, 177.22319, 79.66275
20131001_053143_738: 81.20394, 177.51129, 79.70849
20131001_053143_742: 81.14942, 178.0166, 80.030525
20131001_053143_750: 81.08844, 178.17879, 80.303085
20131001_053143_764: 80.94353, 178.52646, 80.57936
20131001_053143_769: 80.83798, 178.64526, 80.83571
20131001_053143_777: 80.66557, 179.14436, 81.28751
20131001_053143_782: 80.662025, 179.20331, 81.041954
20131001_053143_787: 80.696396, 178.78726, 81.36963
20131001_053143_793: 80.75965, 179.02672, 81.04904
20131001_053143_811: 80.87763, 178.99904, 81.20606
20131001_053143_827: 80.92746, 179.52682, 81.08665
20131001_053143_831: 81.20163, 179.2409, 81.04461
20131001_053143_837: 81.40027, 178.75072, 81.27266
20131001_053143_842: 81.54717, 178.69727, 81.46668
20131001_053143_848: 81.63513, 178.92354, 81.95561
20131001_053143_873: 81.74907, 179.06688, 83.19755
20131001_053143_921: 81.95657, 178.93436, 83.04942
20131001_053143_971: 81.86989, 179.41139, 83.03807
20131001_053144_024: 82.007774, 178.96115, 83.31217
20131001_053144_071: 82.061325, 178.46532, 83.32116
20131001_053144_121: 82.076004, 178.1875, 83.332855
20131001_053144_174: 82.19489, 178.41876, 83.1482
20131001_053144_221: 82.15266, 177.75064, 83.190475
20131001_053144_273: 82.324646, 177.73276, 82.76723
20131001_053144_321: 82.25085, 177.55354, 82.72343
20131001_053144_371: 82.2808, 177.17705, 82.81398
20131001_053144_421: 82.29701, 177.39444, 83.00872
20131001_053144_474: 82.23861, 177.58124, 82.96677
20131001_053144_523: 82.228424, 178.09381, 82.97245
20131001_053144_571: 82.18709, 178.5019, 82.700554
20131001_053144_621: 82.08632, 178.8351, 82.64059
20131001_053144_671: 82.12641, 179.19539, 82.54476
20131001_053144_721: 81.99007, 179.38039, 82.34818
20131001_053144_773: 81.99085, 179.46094, 82.64619
20131001_053144_821: 81.89244, 179.69434, 82.67295
20131001_053144_871: 81.90238, 178.84253, 82.54991
20131001_053144_922: 81.81841, 178.41579, 82.862274
20131001_053144_987: 81.66313, 179.55759, 82.82944
20131001_053145_021: 81.55067, 179.35173, 82.992516
20131001_053145_071: 81.485535, 178.515, 83.10966
20131001_053145_121: 81.54708, 178.70255, 83.03225
20131001_053145_171: 81.46913, 178.7736, 82.86063
20131001_053145_222: 81.47209, 178.43214, 83.31829
20131001_053145_271: 81.467804, 179.62323, 83.4396
20131001_053145_321: 81.33974, 179.862, 83.1698
20131001_053145_371: 81.19245, -179.95085, 83.41243
20131001_053145_422: 81.123924, -179.69286, 83.27141
20131001_053145_471: 81.14376, -179.65298, 83.10333
20131001_053145_528: 80.99041, 179.94029, 83.89707
20131001_053145_572: 80.9105, -179.28757, 83.789734
20131001_053145_621: 80.8839, -179.31679, 83.40657
20131001_053145_672: 80.836105, -179.53152, 83.16619
20131001_053145_721: 81.002014, -179.69504, 83.22778
20131001_053145_771: 80.987366, -179.44078, 82.902275
20131001_053145_871: 81.05878, -179.6917, 82.634445
20131001_053145_922: 81.12615, -179.38734, 82.93221
20131001_053146_022: 81.29151, -179.76494, 82.62302
20131001_053146_072: 81.31549, -179.31944, 82.67161
20131001_053146_122: 81.556915, 179.79932, 83.18293
20131001_053146_172: 81.64832, 179.89525, 83.51219
20131001_053146_221: 81.67167, 179.59776, 83.59187
20131001_053146_271: 81.46107, -179.58138, 83.968346
20131001_053146_322: 81.64229, -179.69943, 83.64541
20131001_053146_371: 81.43141, -179.26305, 83.54717
20131001_053146_424: 81.70547, 179.46275, 83.77377
20131001_053146_472: 81.73536, 179.279, 83.324486
20131001_053146_521: 81.661064, 179.40648, 83.769844
20131001_053146_572: 81.56558, 179.60841, 83.502396
20131001_053148_001: 81.67665, 178.31541, 83.60809
20131001_053148_007: 81.882256, 178.38731, 83.34896
20131001_053148_016: 81.63709, 177.95766, 83.11894
20131001_053148_022: 81.66928, 177.35332, 83.829445
20131001_053148_046: 81.85522, 178.90411, 84.00363
20131001_053148_052: 81.71724, 178.26064, 83.19363
20131001_053148_058: 81.88647, 178.25629, 83.16223
20131001_053148_064: 81.726074, 179.03285, 83.79877
20131001_053148_069: 81.651505, 179.6782, 83.21465
20131001_053148_078: 81.65657, 179.19775, 82.64477
20131001_053148_085: 81.68064, 178.18114, 82.59986
20131001_053148_103: 81.708984, 178.68106, 82.66133
20131001_053148_109: 81.56043, 179.49518, 82.5381
20131001_053148_115: 81.51471, -179.96428, 82.01946
20131001_053148_121: 81.52928, 179.49274, 81.516335
20131001_053148_126: 81.83843, 178.84358, 81.16576
20131001_053148_135: 81.89915, 178.06348, 81.1307
20131001_053148_141: 81.928635, 178.35074, 81.33275
20131001_053148_163: 81.852, 179.2992, 81.13861
20131001_053148_169: 81.43559, -179.6158, 80.83464
20131001_053148_177: 81.22978, -179.05112, 80.32846
20131001_053148_183: 81.21734, -179.15407, 79.948524
20131001_053148_189: 81.44258, 179.88351, 79.59208
20131001_053148_208: 81.49641, 179.12747, 79.26943
20131001_053148_215: 81.455986, 179.09323, 79.47178
20131001_053148_233: 81.033104, 179.88327, 79.68879
20131001_053148_238: 80.324036, -178.51682, 79.34611
20131001_053148_244: 79.901024, -177.89249, 79.13921
20131001_053148_249: 80.19899, -178.78824, 78.660194
20131001_053148_255: 80.60867, -179.77533, 78.56727
20131001_053148_263: 80.53991, -179.27588, 78.935555
20131001_053148_270: 80.00021, -178.02158, 78.902275
20131001_053148_291: 80.01298, -178.06091, 78.6229
20131001_053148_297: 80.51147, -179.0896, 78.68108
20131001_053148_321: 80.67689, -178.93901, 79.06724
20131001_053148_371: 80.24983, -177.75145, 79.10629
20131001_053148_422: 80.578926, -178.22289, 79.05459
20131001_053148_471: 81.08945, -179.28726, 78.9916
20131001_053148_521: 80.929054, -178.8035, 79.28495
20131001_053148_571: 80.6094, -178.10849, 79.20657
20131001_053148_621: 81.07977, -179.3678, 79.374886
20131001_053148_672: 81.185104, -179.47781, 79.743965
20131001_053148_722: 81.068565, -179.1952, 79.65347
20131001_053148_771: 81.312294, -179.92464, 79.299385
20131001_053148_822: 81.168205, -179.34772, 79.56455
20131001_053148_871: 81.013504, -179.01593, 79.45688
20131001_053148_924: 81.46977, 179.99023, 79.36823
20131001_053148_972: 81.479225, 179.89142, 79.87651
20131001_053149_022: 81.476654, -179.90996, 79.74422
20131001_053149_071: 81.604965, 179.8658, 80.05342
20131001_053149_121: 81.41575, -179.43675, 80.105
20131001_053149_172: 81.31197, -179.20097, 79.959946
20131001_053149_221: 81.64152, 179.90666, 79.88269
20131001_053149_271: 81.50404, -179.28133, 80.05389
20131001_053149_334: 81.32825, -178.70529, 80.1572
20131001_053149_371: 81.788246, -179.70558, 80.17342
20131001_053149_422: 81.67829, -179.20401, 80.37593
20131001_053149_471: 81.34683, -178.66116, 80.33886
20131001_053149_521: 81.41748, -179.04115, 79.88436
20131001_053149_571: 81.50386, -179.45607, 80.38385
20131001_053149_622: 81.19518, -178.62198, 80.4537
20131001_053149_672: 81.22514, -178.70831, 80.06059
20131001_053149_721: 81.609184, -179.75795, 79.992805
20131001_053149_771: 81.670334, -179.71042, 80.67287
20131001_053149_821: 81.35382, -178.63847, 80.73211
20131001_053149_871: 81.404724, -179.09009, 80.49106
20131001_053149_922: 81.770226, 179.76877, 80.17513
20131001_053149_971: 81.55664, -179.67218, 80.712746
20131001_053150_021: 81.02109, -178.44804, 80.67842
20131001_053150_071: 81.12445, -178.98784, 80.29344
20131001_053150_121: 81.36808, 179.8541, 80.189156
20131001_053150_171: 81.35097, -179.57065, 80.30372
20131001_053150_222: 81.00884, -178.77737, 80.0197
20131001_053150_271: 81.197426, -179.1742, 79.581505
20131001_053150_321: 81.39945, -179.93204, 79.55724
20131001_053150_376: 81.09709, -179.28899, 79.62636
20131001_053150_422: 80.638535, -178.27238, 79.419556
20131001_053150_471: 80.78175, -178.78099, 79.02924
20131001_053150_522: 81.03564, -179.5855, 78.857155
20131001_053150_571: 80.55364, -178.59216, 79.24828
20131001_053150_621: 79.98408, -177.47464, 79.14941
20131001_053150_672: 80.32832, -178.27556, 79.30365
20131001_053150_721: 80.81809, -179.44716, 79.18201
20131001_053150_771: 80.42198, -178.48662, 79.51728
20131001_053150_832: 80.27738, -178.21956, 79.5619
20131001_053150_871: 80.72645, -179.35434, 79.55218
20131001_053150_922: 80.82793, -179.90437, 79.62921
20131001_053150_971: 79.97193, -178.04012, 79.30873
20131001_053151_021: 79.34278, -177.08241, 78.70129
20131001_053151_071: 79.59597, -177.46721, 78.74416
20131001_053151_123: 79.45967, -177.1013, 79.19508
20131001_053151_172: 79.736, -177.61911, 79.259544
20131001_053151_221: 80.40318, -179.15471, 79.384834
20131001_053151_271: 79.81007, -178.0099, 79.772766
20131001_053151_324: 79.77646, -178.21735, 79.43863
20131001_053151_371: 79.5965, -177.75223, 80.14247
20131001_053151_425: 79.92876, -178.25154, 80.07303
20131001_053151_472: 80.157, -178.70598, 80.18024
20131001_053151_522: 80.52721, -179.17534, 80.673584
20131001_053151_573: 80.54148, -179.0218, 81.09742
20131001_053151_622: 80.913536, -179.9589, 80.98405
20131001_053151_672: 80.6784, -179.06499, 81.64343
20131001_053151_722: 80.93111, -179.37645, 81.39108
20131001_053151_772: 80.598, -178.58038, 82.08514
20131001_053151_822: 80.822914, -178.39343, 82.11669
20131001_053151_871: 80.53213, -178.17389, 81.90493
20131001_053151_923: 81.161766, -179.39339, 82.30426
20131001_053151_971: 81.212135, -179.61194, 82.31334
20131001_053152_022: 81.243576, -179.68056, 82.64009
20131001_053152_073: 81.39795, 179.32024, 82.92333
20131001_053152_121: 81.39973, 179.64636, 82.87922
20131001_053152_172: 81.15818, -179.59958, 82.82434
20131001_053152_221: 81.18874, -179.7377, 82.64772
20131001_053152_273: 80.949295, -178.92989, 82.65954
20131001_053152_323: 80.91071, -178.77933, 82.84801
20131001_053152_371: 81.102196, -179.52054, 82.5671
20131001_053152_422: 80.75025, -178.68964, 82.91863
20131001_053152_473: 81.04127, -179.10452, 83.006805
20131001_053152_521: 80.999405, -179.04767, 82.72911
20131001_053152_622: 80.89202, -178.52893, 82.896614
20131001_053152_674: 80.847176, -178.5865, 82.95567
20131001_053152_721: 80.7982, -178.38226, 82.62858
20131001_053152_771: 80.5307, -178.16194, 83.20941
20131001_053152_822: 80.55899, -178.17284, 82.99637
20131001_053152_871: 80.62098, -178.484, 83.01227
20131001_053152_922: 80.20605, -177.96878, 82.67956
20131001_053152_971: 80.64803, -179.0296, 82.68469
20131001_053153_021: 80.340164, -178.57927, 82.67957
20131001_053153_071: 80.27553, -178.5689, 82.25368
20131001_053153_121: 80.38775, -179.19789, 82.3331
20131001_053153_174: 80.26208, -178.99344, 82.97757
20131001_053153_221: 80.21892, -178.99002, 82.67999
20131001_053153_271: 80.62491, -179.78453, 82.43854
20131001_053153_322: 80.66153, -179.57738, 83.523735
20131001_053153_371: 80.56088, -178.89369, 83.98311
20131001_053153_422: 80.508286, -178.7184, 83.82761
20131001_053153_473: 80.94225, 179.85745, 83.72969
20131001_053153_521: 81.06031, 179.52754, 84.97321
20131001_053153_572: 81.0504, -179.68925, 84.86051
20131001_053153_621: 80.518425, -178.0411, 84.298256
20131001_053153_672: 80.36123, -177.75336, 83.85271
20131001_053153_721: 80.42476, -177.92458, 83.460945
20131001_053153_772: 80.87292, -178.83122, 83.75529
20131001_053153_822: 81.092064, -179.76247, 83.66165
20131001_053153_871: 81.31405, 179.13058, 84.43604
20131001_053153_922: 81.41413, 178.58047, 85.05633
20131001_053153_971: 81.55756, 178.12576, 85.5954
20131001_053154_021: 81.39386, 178.31294, 86.65868
20131001_053154_072: 81.81605, 177.8529, 86.801994
20131001_053154_121: 81.6561, 177.93704, 87.140564
20131001_053154_172: 81.88854, 177.63878, 87.20457
20131001_053154_221: 81.74954, 177.08896, 86.712975
20131001_053154_271: 81.738365, 176.41763, 86.151695
20131001_053154_322: 81.78865, 176.39981, 86.03354
20131001_053154_372: 81.8214, 176.64665, 86.36148
20131001_053154_422: 82.01996, 177.333, 86.88262
20131001_053154_471: 82.12939, 178.10378, 86.99905
20131001_053154_521: 82.20253, 178.93367, 86.73899
20131001_053154_572: 82.236145, 179.54128, 86.55213
20131001_053154_621: 82.498184, 178.78876, 86.46392
20131001_053154_672: 82.345894, 178.90968, 86.4171
20131001_053154_721: 82.52551, 179.71579, 86.46871
20131001_053154_771: 82.26846, -179.86519, 86.15299
20131001_053154_822: 82.417595, -179.80588, 86.69872
20131001_053154_871: 81.892395, -178.6144, 86.67622
20131001_053154_925: 81.81643, -178.43436, 86.177185
20131001_053154_971: 81.51964, -178.18507, 85.9039
20131001_053155_021: 81.17915, -177.53554, 85.55245
20131001_053155_071: 81.09637, -177.5356, 85.07802
20131001_053155_121: 80.95122, -177.4958, 85.30636
20131001_053155_172: 81.12562, -178.1756, 85.6392
20131001_053155_223: 81.33777, -178.88998, 85.92384
20131001_053155_271: 81.52718, 179.96242, 85.81123
20131001_053155_322: 81.57337, 179.52553, 85.69832
20131001_053155_371: 81.61634, 179.20984, 85.308105
20131001_053155_422: 81.42628, 179.50758, 85.28184
20131001_053155_471: 81.29372, 179.84352, 85.13202
20131001_053155_523: 81.07429, -179.89705, 84.87221
20131001_053155_572: 80.80484, -179.53381, 84.85157
20131001_053155_621: 80.69035, -179.25644, 84.6814
20131001_053157_135: 80.681755, -179.358, 84.63137
20131001_053157_147: 80.60629, -179.29053, 84.74892
20131001_053157_155: 80.6518, -179.11638, 84.533615
20131001_053157_169: 80.60286, -178.83357, 84.42388
20131001_053157_177: 80.42259, -178.44789, 84.39935
20131001_053157_196: 80.36473, -178.05438, 84.38382
20131001_053157_202: 80.37612, -177.97697, 84.35551
20131001_053157_208: 80.307205, -177.88672, 84.54667
20131001_053157_213: 80.366684, -177.82751, 84.55793
20131001_053157_219: 80.42202, -178.04002, 84.925995
20131001_053157_229: 80.538376, -178.1179, 85.047226
20131001_053157_237: 80.774475, -178.64772, 85.40629
20131001_053157_256: 80.83907, -178.62218, 85.307724
20131001_053157_261: 80.93964, -178.86264, 85.408066
20131001_053157_267: 80.98815, -178.8149, 85.122
20131001_053157_273: 81.02069, -178.89789, 85.366844
20131001_053157_280: 81.09426, -178.95842, 85.18932
20131001_053157_305: 80.97288, -179.02797, 85.53861
20131001_053157_324: 80.97463, -178.76686, 85.621284
20131001_053157_329: 80.8583, -178.65442, 85.85293
20131001_053157_334: 80.79697, -178.59607, 86.07694
20131001_053157_340: 80.991035, -178.7548, 86.375336
20131001_053157_345: 81.12683, -179.24585, 87.0329
20131001_053157_351: 81.404, -179.3666, 87.25754
20131001_053157_374: 81.471375, -179.28319, 87.309074
20131001_053157_380: 81.561226, -179.76768, 87.30711
20131001_053157_394: 81.564606, -179.87248, 87.595314
20131001_053157_399: 81.495766, -179.70418, 87.07035
20131001_053157_412: 81.2556, -179.71614, 86.4946
20131001_053157_418: 80.98982, -179.28668, 85.318756
20131001_053157_427: 80.82449, -179.46997, 84.717094
20131001_053157_434: 80.88738, -179.52808, 83.794136
20131001_053157_451: 80.50338, -179.35056, 83.64191
20131001_053157_457: 80.41401, -179.43434, 83.651825
20131001_053157_471: 80.2967, -179.23587, 83.41614
20131001_053157_522: 79.97053, -179.0701, 83.37039
20131001_053157_572: 80.05108, -179.18025, 83.417046
20131001_053157_624: 80.00596, -178.84912, 82.96074
20131001_053157_671: 79.771835, -178.60004, 82.81233
20131001_053157_721: 79.83171, -178.62177, 82.945244
20131001_053157_772: 79.93592, -178.53516, 82.65755
20131001_053157_821: 79.82917, -178.6366, 82.720085
20131001_053157_873: 79.87954, -178.81552, 83.031136
20131001_053157_921: 79.851166, -178.73128, 82.692024
20131001_053157_971: 79.632935, -178.93542, 82.97563
20131001_053158_021: 79.72206, -178.9641, 82.87321
20131001_053158_071: 79.67121, -178.8923, 82.64688
20131001_053158_121: 79.56315, -178.93199, 82.89463
20131001_053158_173: 79.59184, -178.78949, 82.75658
20131001_053158_222: 79.49387, -178.78845, 82.691055
20131001_053158_271: 79.52432, -179.17561, 83.113
20131001_053158_321: 79.659676, -179.04994, 83.00411
20131001_053158_371: 79.51463, -178.8159, 82.97084
20131001_053158_421: 79.627, -179.01683, 83.15758
20131001_053158_473: 79.54895, -178.76851, 82.92842
20131001_053158_521: 79.35246, -178.80247, 83.05028
20131001_053158_572: 79.31755, -178.80373, 82.99079
20131001_053158_621: 79.190155, -178.60844, 82.68737
20131001_053158_672: 79.176094, -178.7541, 82.83412
20131001_053158_721: 79.31438, -178.91147, 82.910965
20131001_053158_772: 79.32799, -178.70724, 82.73433
20131001_053158_821: 79.3575, -178.84297, 82.75879
20131001_053158_871: 79.42315, -178.73238, 82.63712
20131001_053158_921: 79.41236, -178.50449, 82.4937
20131001_053158_971: 79.4194, -178.66373, 82.46388
20131001_053159_071: 79.5025, -178.8766, 82.58146
20131001_053159_121: 79.46916, -178.64253, 82.73252
20131001_053159_221: 79.561195, -178.82121, 82.6584
20131001_053159_271: 79.511246, -179.03326, 82.67953
20131001_053159_321: 79.401436, -178.85158, 82.60287
20131001_053159_371: 79.38632, -178.85495, 82.648865
20131001_053159_421: 79.37703, -178.81387, 82.75646
20131001_053159_521: 79.24396, -178.7577, 82.672386
20131001_053159_571: 79.365074, -178.80942, 82.76163
20131001_053159_623: 79.28019, -178.71407, 82.924034
20131001_053159_671: 79.38255, -178.78288, 82.935455
20131001_053159_721: 79.32663, -178.79073, 83.17715
20131001_053159_771: 79.442604, -178.79832, 83.106316
20131001_053159_821: 79.417366, -178.83699, 83.20081
20131001_053159_871: 79.40599, -178.6797, 82.97875
20131001_053159_921: 79.37369, -178.62991, 82.96446
20131001_053159_984: 79.47811, -178.62407, 82.83863
20131001_053200_027: 79.50623, -178.65471, 82.93041
20131001_053200_071: 79.63985, -178.7413, 82.95819
20131001_053200_122: 79.649635, -178.93646, 82.93981
20131001_053200_171: 79.55115, -178.79068, 82.945274
20131001_053200_221: 79.52395, -178.6998, 82.901024
20131001_053200_272: 79.47114, -178.68396, 82.91328
20131001_053200_322: 79.51175, -178.78462, 82.94077
20131001_053200_374: 79.47354, -178.67203, 82.91294
20131001_053200_421: 79.42938, -178.75764, 82.9363
20131001_053200_471: 79.47572, -178.92007, 82.89513
20131001_053200_521: 79.539276, -179.04648, 82.88092
20131001_053200_572: 79.40321, -178.84363, 82.809326
20131001_053200_622: 79.44249, -178.82077, 82.881035
20131001_053200_671: 79.33056, -178.77159, 82.974434
20131001_053200_724: 79.32749, -178.67055, 82.983635
20131001_053200_771: 79.40723, -178.87396, 83.16843
20131001_053200_821: 79.47218, -178.97678, 83.13768
20131001_053200_872: 79.43634, -178.92308, 83.17449
20131001_053200_921: 79.38139, -178.78754, 83.134575
20131001_053200_972: 79.29246, -178.76346, 83.11139
20131001_053201_021: 79.24039, -178.66875, 83.000595
20131001_053201_071: 79.2846, -178.843, 83.02976
20131001_053201_121: 79.43034, -179.03998, 83.123024
20131001_053201_171: 79.399994, -178.99033, 83.11939
20131001_053201_222: 79.32538, -178.85712, 83.30362
20131001_053201_271: 79.34863, -178.79617, 83.240944
20131001_053201_321: 79.16923, -178.63437, 83.27181
20131001_053201_372: 79.30322, -178.74622, 83.16141
20131001_053201_421: 79.344696, -178.90007, 83.21016
20131001_053201_485: 79.29836, -178.75806, 83.17482
20131001_053201_522: 79.31529, -178.6091, 83.06532
20131001_053201_572: 79.38065, -178.61858, 82.962036
20131001_053205_604: 79.43692, -178.64449, 82.854744
20131001_053205_614: 79.54374, -178.78809, 82.82895
20131001_053205_622: 79.64197, -178.94865, 82.87822
20131001_053205_647: 79.64545, -178.72366, 82.85653
20131001_053205_656: 79.66114, -178.67474, 82.89789
20131001_053205_673: 79.78666, -178.68088, 82.91781
20131001_053205_679: 79.71588, -178.653, 82.94424
20131001_053205_689: 79.74112, -178.81831, 83.05683
20131001_053205_695: 79.78286, -178.99736, 83.108376
20131001_053205_701: 79.73863, -178.8354, 83.186386
20131001_053205_720: 79.810646, -178.99289, 83.09516
20131001_053205_727: 79.85093, -178.97186, 82.9826
20131001_053205_744: 79.79463, -178.79193, 83.00457
20131001_053205_749: 79.71989, -178.60179, 82.95661
20131001_053205_755: 79.7014, -178.6582, 83.041306
20131001_053205_761: 79.7297, -178.66898, 83.13775
20131001_053205_766: 79.6898, -178.70438, 83.07867
20131001_053205_785: 79.76268, -179.00131, 83.12967
20131001_053205_791: 79.718094, -178.95973, 83.01009
20131001_053205_815: 79.620575, -178.8426, 83.00034
20131001_053205_823: 79.619514, -178.8441, 82.87965
20131001_053205_831: 79.516426, -178.74838, 82.93934
20131001_053205_837: 79.56076, -178.78291, 82.821434
20131001_053205_843: 79.564705, -178.94939, 82.9707
20131001_053205_862: 79.5783, -178.75908, 82.90535
20131001_053205_881: 79.61631, -178.76443, 82.998245
20131001_053205_885: 79.7432, -178.93079, 82.98558
20131001_053205_888: 79.80756, -179.07375, 83.22301
20131001_053205_891: 79.79066, -178.84761, 83.22281
20131001_053205_895: 79.79738, -178.88806, 83.46977
20131001_053205_898: 79.84699, -178.9117, 83.47996
20131001_053205_904: 79.86241, -178.83736, 83.396255
20131001_053205_916: 79.854294, -178.92671, 83.38876
20131001_053205_920: 79.99123, -179.04285, 83.55219
20131001_053205_924: 79.99745, -178.8144, 83.53858
20131001_053205_927: 80.1073, -178.93372, 83.57845
20131001_053205_934: 80.22228, -179.06258, 83.590195
20131001_053205_937: 80.28318, -178.89337, 83.54343
20131001_053205_945: 80.3374, -178.90521, 83.387215
20131001_053205_960: 80.2364, -178.67935, 83.30369
20131001_053205_965: 80.25363, -178.82423, 83.152695
20131001_053205_968: 80.29642, -178.94632, 82.98899
20131001_053205_972: 80.428566, -178.97583, 82.68629
20131001_053205_975: 80.40831, -178.72203, 82.4094
20131001_053205_980: 80.56646, -178.81036, 81.88998
20131001_053205_985: 80.360054, -178.28114, 81.59508
20131001_053205_997: 79.71748, -177.35863, 80.854546
20131001_053206_000: 79.87313, -177.45837, 80.87288
20131001_053206_004: 79.61151, -177.26118, 80.91645
20131001_053206_007: 79.124245, -176.50137, 80.7226
20131001_053206_011: 78.95255, -176.39919, 80.31211
20131001_053206_016: 79.51778, -177.35101, 80.987785
20131001_053206_021: 79.51145, -177.37943, 80.97968
20131001_053206_035: 79.458015, -177.08673, 80.95478
20131001_053206_039: 79.72479, -177.61101, 81.08705
20131001_053206_042: 79.94036, -178.03351, 81.261986
20131001_053206_046: 79.896225, -178.08711, 81.24875
20131001_053206_049: 79.9805, -178.31549, 81.24645
20131001_053206_058: 79.96875, -178.28165, 80.96514
20131001_053206_064: 79.960724, -178.37224, 80.846924
20131001_053206_080: 79.984764, -178.47836, 80.6928
20131001_053206_084: 79.9264, -178.50569, 80.56111
20131001_053206_088: 79.82526, -178.25531, 80.18211
20131001_053206_092: 79.67224, -177.9052, 79.81002
20131001_053206_096: 79.76254, -177.83835, 79.58869
20131001_053206_102: 79.79054, -177.83972, 79.326805
20131001_053206_119: 79.99189, -178.0505, 79.305756
20131001_053206_123: 80.10065, -178.22397, 79.271454
20131001_053206_127: 80.053566, -178.18599, 78.964676
20131001_053206_131: 79.79315, -177.67087, 78.83303
20131001_053206_135: 79.61304, -177.35512, 78.772125
20131001_053206_138: 79.82882, -177.7105, 78.85146
20131001_053206_155: 80.19183, -178.37924, 78.89002
20131001_053206_171: 80.18912, -178.32811, 79.020805
20131001_053206_175: 80.133354, -178.17458, 79.46185
20131001_053206_179: 80.497116, -178.88528, 79.230934
20131001_053206_187: 80.497154, -178.89578, 79.12576
20131001_053206_192: 80.64879, -179.02466, 79.20817
20131001_053206_197: 80.42398, -178.55199, 78.70143
20131001_053206_216: 79.91236, -177.51146, 78.44756
20131001_053206_238: 79.87644, -177.51332, 77.886154
20131001_053206_245: 79.70552, -177.23529, 77.91409
20131001_053206_250: 79.72008, -177.23598, 77.91695
20131001_053206_256: 80.090614, -177.92667, 77.59674
20131001_053206_261: 79.984276, -177.61755, 77.95552
20131001_053206_269: 79.202774, -176.31085, 77.24587
20131001_053206_276: 79.49402, -176.87881, 76.930046
20131001_053206_296: 80.221725, -178.0852, 76.51226
20131001_053206_302: 80.59342, -178.80309, 77.0023
20131001_053206_311: 81.10558, -179.49567, 78.21316
20131001_053206_317: 81.017944, -178.77356, 79.6844
20131001_053206_323: 80.93387, -178.4194, 80.374115
20131001_053206_336: 81.50888, -179.31691, 80.81786
20131001_053206_371: 81.267914, -178.52586, 81.379944
20131001_053206_421: 81.21694, -178.14705, 80.836174
20131001_053206_471: 81.281235, -178.35062, 81.00846
20131001_053206_521: 80.833885, -177.54993, 80.892136
20131001_053207_448: 80.63866, -177.09982, 80.8533
20131001_053207_465: 80.71746, -177.72977, 81.20359
20131001_053207_472: 80.5927, -177.64688, 81.817635
20131001_053207_493: 80.99884, -178.50221, 81.66889
20131001_053207_498: 80.352455, -177.67162, 81.43787
20131001_053207_503: 80.08136, -177.25589, 81.128006
20131001_053207_508: 79.93405, -177.04497, 80.69852
20131001_053207_516: 79.77941, -176.9518, 80.79201
20131001_053207_527: 79.82104, -176.99127, 81.03823
20131001_053207_535: 80.066376, -177.2286, 81.29916
20131001_053207_559: 80.17876, -177.41005, 81.481964
20131001_053207_565: 80.250656, -177.45924, 81.463486
20131001_053207_571: 80.17371, -177.4242, 81.422
20131001_053207_577: 79.845024, -176.926, 81.1884
20131001_053207_588: 79.43484, -176.41188, 80.823456
20131001_053207_598: 79.118935, -175.92792, 80.57422
20131001_053207_605: 78.849884, -175.81595, 80.99364
20131001_053207_624: 78.81705, -175.86841, 80.930244
20131001_053207_632: 78.43037, -175.49551, 80.89715
20131001_053207_641: 78.24251, -175.43301, 80.93904
20131001_053207_652: 78.013336, -175.22856, 80.96305
20131001_053207_671: 77.89201, -175.06924, 80.8255
20131001_053207_721: 77.87415, -175.28513, 81.060295
20131001_053207_771: 77.72973, -175.11711, 81.59023
20131001_053207_821: 77.67684, -174.73875, 81.568794
20131001_053207_871: 77.45047, -174.50273, 81.88959
20131001_053207_921: 77.29586, -174.20576, 81.63499
20131001_053207_989: 76.71931, -173.78435, 81.85299
20131001_053208_021: 76.42252, -173.56688, 81.52821
20131001_053208_071: 75.71538, -173.0851, 80.951225
20131001_053208_121: 75.10925, -172.63094, 80.36209
20131001_053208_171: 74.48986, -172.4998, 80.3759
20131001_053208_222: 74.10721, -172.31036, 80.07741
20131001_053208_271: 74.30141, -173.12888, 81.10485
20131001_053208_322: 74.2498, -173.42769, 81.36443
20131001_053208_372: 74.47768, -174.20242, 81.89016
20131001_053208_422: 74.007545, -174.01515, 81.73691
20131001_053208_471: 73.81129, -174.09311, 81.61266
20131001_053208_522: 72.92527, -173.24742, 81.08641
20131001_053208_574: 72.31534, -172.37067, 80.36147
20131001_053208_621: 72.09452, -172.36015, 80.24037
20131001_053208_671: 71.66453, -171.69206, 79.57332
20131001_053208_721: 71.11504, -171.2624, 78.96106
20131001_053208_771: 71.208015, -171.59856, 79.029915
20131001_053208_821: 71.0415, -171.76122, 78.96749
20131001_053208_874: 70.86758, -171.9403, 79.20132
20131001_053208_923: 69.56934, -170.82841, 78.20671
20131001_053208_973: 68.88609, -170.40746, 77.73735
20131001_053209_021: 68.06113, -169.89345, 77.17084
20131001_053209_071: 67.70183, -169.9408, 77.42627
20131001_053209_121: 67.243935, -169.62392, 77.12532
20131001_053209_174: 66.4603, -169.02875, 76.689575
20131001_053209_222: 66.26915, -169.041, 76.512955
20131001_053209_271: 65.964905, -169.22704, 76.67707
20131001_053209_321: 65.68746, -169.12503, 76.65789
20131001_053209_371: 65.19975, -169.09395, 76.82472
20131001_053209_421: 65.31099, -169.54774, 77.383575
20131001_053209_472: 65.17623, -170.15712, 78.13609
20131001_053209_522: 64.11519, -168.7657, 77.0679
20131001_053209_572: 186.46251, -166.67125, 74.530365
20131001_053209_621: 187.96754, -167.16035, 74.799614
20131001_053209_671: 189.68158, -167.23141, 74.563644
20131001_053209_722: 190.17531, -166.82202, 73.84569
20131001_053209_774: 190.84201, -167.05511, 73.90522
20131001_053209_822: 193.3054, -168.0993, 74.66608
20131001_053209_871: 61.13843, -169.07385, 75.7164
20131001_053209_921: 61.42705, -169.96233, 76.41148
20131001_053209_972: 60.41185, -169.44586, 75.83411
20131001_053210_021: 189.79001, -167.92668, 74.73686
20131001_053210_074: 189.52075, -167.78221, 74.55214
20131001_053210_123: 187.06456, -166.96062, 73.88736
20131001_053210_171: 187.21184, -166.48645, 73.25916
20131001_053210_222: 185.2089, -166.35133, 73.33785
20131001_053210_271: 186.56784, -166.74628, 73.429
20131001_053210_321: 188.99794, -167.82095, 74.195076
20131001_053210_374: 56.934456, -168.51482, 75.42735
20131001_053210_421: 56.899227, -168.73232, 76.02935
20131001_053210_472: 182.0343, -168.09898, 75.75377
20131001_053210_521: 180.77017, -167.19302, 74.78723
20131001_053210_572: 180.0371, -166.44351, 73.92003
20131001_053210_622: 179.24693, -166.15294, 73.631584
20131001_053210_672: 177.67921, -165.6715, 73.26606
20131001_053210_722: 176.25153, -164.83766, 72.44843
20131001_053210_771: 174.77905, -163.92397, 71.575775
20131001_053210_821: 175.14883, -163.8712, 71.34408
20131001_053210_872: 175.19743, -164.50471, 72.01838
20131001_053210_921: 174.1184, -164.66829, 72.37955
20131001_053210_972: 174.07547, -164.57391, 72.22603
20131001_053211_021: 174.81796, -164.39091, 71.746925
20131001_053211_071: 174.22865, -164.64127, 72.14976
20131001_053211_121: 173.40259, -164.8124, 72.482475
20131001_053211_171: 172.93042, -164.01387, 71.537186
20131001_053211_222: 172.15408, -163.85631, 71.42912
20131001_053211_272: 170.66832, -163.66805, 71.41862
20131001_053211_321: 170.1819, -163.46582, 71.17436
20131001_053211_372: 168.52638, -163.17093, 71.052124
20131001_053211_421: 170.02817, -163.0496, 70.55457
20131001_053211_473: 169.06712, -163.77031, 71.50534
20131001_053211_521: 168.56905, -163.93166, 71.760155
20131001_053211_572: 169.07167, -164.47896, 72.29658
20131001_053211_622: 168.42685, -164.58578, 72.48827
20131001_053211_672: 169.872, -165.48106, 73.24931
20131001_053211_721: 169.8909, -165.83301, 73.659256
20131001_053211_771: 166.93825, -165.4904, 73.7475
20131001_053211_821: 167.68958, -165.68788, 73.87769
20131001_053211_875: 168.4997, -166.02097, 74.09629
20131001_053211_921: 169.87532, -166.38774, 74.34684
20131001_053211_972: 169.34369, -166.44421, 74.48414
20131001_053212_021: 172.07736, -167.68886, 75.54643
20131001_053212_071: 172.46614, -167.36282, 75.09977
20131001_053212_121: 171.17859, -166.97089, 74.836136
20131001_053212_171: 172.5032, -167.19273, 74.884796
20131001_053212_271: 172.95473, -167.05318, 74.63629
20131001_053212_321: 171.52042, -167.12845, 74.96578
20131001_053212_372: 171.30992, -167.42387, 75.41306
20131001_053212_421: 169.166, -167.58803, 75.94074
20131001_053213_412: 169.91258, -167.42896, 75.67197
20131001_053213_419: 170.12766, -167.80736, 76.10463
20131001_053213_425: 169.84679, -167.69676, 76.037674
20131001_053214_826: 170.38818, -168.13174, 76.50265
20131001_053214_831: 170.24615, -168.32608, 76.796295
20131001_053214_854: 51.19673, -168.90288, 77.43007
20131001_053214_861: 51.80332, -169.08127, 77.67107
20131001_053214_880: 52.022064, -168.86404, 77.36625
20131001_053214_886: 52.32308, -168.80122, 77.32559
20131001_053214_891: 52.99141, -169.09004, 77.70373
20131001_053214_897: 53.509445, -169.59988, 78.11188
20131001_053214_902: 53.693657, -169.59142, 77.92707
20131001_053214_921: 53.95532, -169.85977, 78.0584
20131001_053214_942: 54.328228, -170.4495, 78.43745
20131001_053214_947: 54.520638, -171.0229, 78.87534
20131001_053214_953: 54.58207, -171.12682, 78.98998
20131001_053214_959: 54.446854, -171.16107, 79.10164
20131001_053214_964: 54.560005, -171.6429, 79.64004
20131001_053214_973: 54.46488, -171.67015, 79.9815
20131001_053214_983: 54.313404, -171.76387, 80.13414
20131001_053214_999: 54.280804, -172.28659, 80.59104
20131001_053215_004: 54.12247, -172.52551, 80.79999
20131001_053215_007: 54.466377, -173.04248, 81.699875
20131001_053215_011: 54.878082, -173.56561, 82.634834
20131001_053215_014: 55.208878, -173.45413, 82.776306
20131001_053215_019: 55.974216, -173.65836, 83.0193
20131001_053215_024: 56.75865, -173.87756, 83.80797
20131001_053215_037: 57.613323, -173.86858, 83.839424
20131001_053215_040: 58.119324, -173.67667, 83.652115
20131001_053215_043: 58.78913, -5.386015, 84.61286
20131001_053215_046: 59.34178, -5.2582603, 84.741554
20131001_053215_051: 59.86814, -4.6201196, 85.331436
20131001_053215_056: 60.13302, -4.495773, 85.483826
20131001_053215_061: 60.425404, -4.105843, 85.831024
20131001_053215_201: 60.739624, -3.745874, 86.165764
20131001_053215_207: 61.133442, -3.940583, 85.848404
20131001_053215_213: 61.502674, -4.003262, 85.62335
20131001_053215_217: 62.008614, -4.1909957, 85.43003
20131001_053215_228: 62.805176, -3.97114, 85.27715
20131001_053215_243: 63.895584, -3.708342, 84.9065
20131001_053215_270: 64.479256, -4.2831, 84.0002
20131001_053215_275: 64.94163, -4.24396, 84.15253
20131001_053215_286: 65.674835, -3.82824, 84.35319
20131001_053215_292: 66.424706, -3.4773467, 84.45094
20131001_053215_297: 66.90732, -3.0608578, 84.77711
20131001_053215_316: 67.21074, -3.2433038, 84.881744
20131001_053215_322: 67.695854, -2.6452112, 85.306
20131001_053215_346: 68.177734, -2.6035323, 85.26581
20131001_053215_357: 68.59086, -2.5218232, 84.90166
20131001_053215_363: 68.94724, -2.5292733, 85.01928
20131001_053215_370: 69.32866, -2.1903062, 85.42022
20131001_053215_375: 69.40721, -2.3979583, 85.33847
20131001_053215_384: 69.59769, -2.4856637, 85.02693
20131001_053215_405: 69.77961, -2.6185505, 84.584885
20131001_053215_411: 69.998375, -2.3547232, 84.4636
20131001_053215_417: 70.00705, -2.5595865, 84.54905
20131001_053215_422: 70.18616, -2.1742702, 84.50085
20131001_053215_428: 70.00973, -2.5707178, 85.06144
20131001_053215_432: 69.91376, -3.0619452, 85.212715
20131001_053215_473: 69.994255, -2.6679597, 85.52444
20131001_053215_521: 70.03635, -2.781314, 85.42276
20131001_053215_571: 70.134895, -2.975741, 85.02983
20131001_053215_621: 70.08361, -2.621848, 85.29532
20131001_053215_671: 69.67422, -3.2184207, 84.88407
20131001_053215_726: 69.37476, -3.4243097, 84.840515
20131001_053215_821: 69.320465, -3.2191634, 85.20893
20131001_053215_872: 68.69564, -3.755067, 84.84035
20131001_053215_923: 68.55414, -3.6285062, 85.22807
20131001_053215_972: 68.53987, -3.2871559, 85.51381
20131001_053216_021: 68.4071, -3.2353044, 85.64508
20131001_053216_071: 68.64356, -2.7800198, 85.785545
20131001_053216_122: 68.729774, -2.5940528, 85.78174
20131001_053216_171: 68.89238, -2.1895437, 85.79715
20131001_053216_224: 69.076324, -1.8406101, 86.029076
20131001_053216_271: 69.116714, -1.5939465, 86.03932
20131001_053216_323: 69.20656, -1.4731318, 86.120476
20131001_053216_372: 69.088295, -1.6532562, 86.385
20131001_053216_421: 69.25588, -1.3608057, 86.37913
20131001_053216_473: 69.06407, -1.6080595, 86.453186
20131001_053216_521: 69.09984, -1.879245, 86.61812
20131001_053216_571: 69.046646, -1.9271048, 86.44098
20131001_053216_624: 69.2434, -1.9278773, 85.888794
20131001_053216_671: 69.272644, -1.8720883, 86.062195
20131001_053216_724: 69.25863, -2.0850797, 86.01015
20131001_053216_771: 69.41215, -1.7949327, 85.62711
20131001_053216_821: 69.51014, -1.8317982, 85.449234
20131001_053216_872: 69.67024, -1.1418219, 85.542465
20131001_053216_923: 69.73061, -0.94906235, 85.21766
20131001_053216_971: 69.500015, -1.487873, 85.30513
20131001_053217_021: 69.411064, -1.3044791, 85.44664
20131001_053217_071: 69.31954, -1.4867489, 85.36532
20131001_053217_122: 69.074486, -1.7680496, 85.48391
20131001_053217_171: 69.13898, -1.4938958, 85.29258
20131001_053217_225: 69.100494, -1.4118814, 84.42948
20131001_053217_271: 69.00349, -1.3085014, 84.1755
20131001_053217_321: 69.02346, -1.0071087, 84.31687
20131001_053217_372: 68.865776, -1.2215676, 84.57058
20131001_053217_421: 68.76971, -1.3746526, 84.596954
20131001_053217_471: 68.953835, -0.9453633, 84.60426
20131001_053217_523: 69.120705, -0.5013867, 84.68108
20131001_053217_571: 68.96553, -0.9943462, 84.96762
20131001_053217_621: 69.00622, -1.1609247, 85.21511
20131001_053217_671: 69.18333, -0.9367048, 84.443115
20131001_053217_721: 69.409904, -0.9540047, 84.511116
20131001_053217_771: 69.4744, -1.0361756, 83.98414
20131001_053217_822: 69.86255, -0.78873587, 83.902664
20131001_053217_872: 69.84479, -1.0150192, 83.68689
20131001_053217_921: 70.206696, -0.937106, 83.53689
20131001_053217_971: 70.515236, -0.6629307, 83.26586
20131001_053218_021: 70.5172, -0.6587811, 83.32029
20131001_053218_071: 70.51273, -0.6487828, 83.65721
20131001_053218_124: 70.47644, -0.5063917, 84.42386
20131001_053218_171: 70.31642, -0.5798844, 84.5172
20131001_053218_221: 70.399414, -0.2614418, 84.26375
20131001_053218_271: 70.358406, -0.43250015, 83.85048
20131001_053218_321: 70.320885, -0.27784637, 83.42792
20131001_053218_372: 70.49336, 0.07305401, 83.46504
20131001_053218_424: 70.64542, 0.6221843, 83.244865
20131001_053218_472: 70.77719, 1.080612, 83.06734
20131001_053218_522: 70.97026, 1.5968384, 82.69922
20131001_053218_573: 71.16589, 2.4302151, 82.60215
20131001_053218_622: 71.241486, 2.506907, 82.42408
20131001_053218_671: 71.318405, 2.2827442, 82.55756
20131001_053218_722: 71.386406, 2.1758614, 83.254166
20131001_053218_771: 71.43216, 2.0700095, 83.82676
20131001_053218_821: 71.50869, 2.3928359, 83.69607
20131001_053218_872: 71.7022, 2.529824, 83.85347
20131001_053218_921: 71.847336, 2.8551466, 83.764626
20131001_053218_971: 72.11432, 2.9104352, 83.719986
20131001_053219_022: 72.302414, 3.404085, 83.850044
20131001_053219_071: 72.37389, 3.9517941, 83.02169
20131001_053219_122: 72.618004, 4.468828, 82.35532
20131001_053219_171: 72.71556, 4.7108774, 81.92024
20131001_053219_221: 72.79741, 5.1568747, 81.65011
20131001_053219_271: 72.925735, 5.03805, 81.693146
20131001_053219_323: 73.10821, 5.1869555, 81.66525
20131001_053219_372: 73.17964, 5.689175, 81.32409
20131001_053219_421: 73.26413, 6.00575, 81.2553
20131001_053219_472: 73.127655, 6.8915014, 80.525986
20131001_053219_522: 72.909386, 7.9810634, 79.58434
20131001_053219_575: 72.898895, 8.135629, 79.779594
20131001_053219_622: 72.4921, 9.06476, 79.11197
20131001_053219_671: 72.292564, 9.6114025, 78.92256
20131001_053219_722: 72.203125, 9.471349, 79.00035
20131001_053219_771: 71.96236, 10.185776, 78.36339
20131001_053219_822: 71.942566, 10.744629, 77.968506
20131001_053219_871: 10.175588, 11.748362, 77.14736
20131001_053219_921: 10.428263, 12.520553, 76.33399
20131001_053219_972: 8.297827, 13.15913, 75.90926
20131001_053220_071: 8.834017, 13.723136, 75.29814
20131001_053220_122: 10.227552, 13.999705, 74.893
20131001_053220_171: 11.516844, 13.822052, 74.96759
20131001_053220_221: 11.755044, 13.856964, 74.90332
20131001_053220_271: 12.796879, 12.976498, 75.713554
20131001_053220_321: 12.772058, 12.923994, 75.76078
20131001_053220_372: 12.503574, 13.703592, 74.955444
20131001_053220_421: 12.190763, 14.304475, 74.320526
20131001_053220_474: 12.933209, 14.318813, 74.21807
20131001_053220_522: 11.243155, 14.038885, 74.71913
20131001_053220_572: 11.900451, 14.430778, 74.1881
20131001_053220_622: 8.951983, 14.900433, 74.05767
20131001_053220_672: 7.5619674, 14.337163, 74.7721
20131001_053220_721: 6.270309, 14.85645, 74.35628
20131001_053220_774: 5.881006, 14.591794, 74.6472
20131001_053220_821: 7.691543, 14.958529, 74.069534
20131001_053220_871: 8.170582, 14.556618, 74.41684
20131001_053220_922: 5.966, 14.487475, 74.709145
20131001_053220_971: 5.957203, 15.069659, 74.114204
20131001_053221_022: 6.3571067, 15.822371, 73.261246
20131001_053221_073: 6.1904726, 15.511679, 73.558205
20131001_053221_121: 8.067926, 14.608322, 74.22538
20131001_053221_171: 10.394644, 15.651942, 72.76285
20131001_053221_222: 9.887166, 16.464916, 71.92719
20131001_053221_271: 11.492614, 15.20371, 73.007065
20131001_053221_321: 9.170825, 15.491107, 73.032745
20131001_053221_384: 9.071829, 15.794089, 72.71813
20131001_053221_422: 9.625301, 15.9982605, 72.437965
20131001_053221_471: 7.846914, 16.215567, 72.4904
20131001_053221_521: 6.3602266, 15.979044, 72.94827
20131001_053221_572: 6.052371, 16.614042, 72.36213
20131001_053221_621: 4.9773436, 16.701632, 72.4376
20131001_053221_677: 4.895523, 17.166178, 71.98029
20131001_053221_721: 3.478867, 17.987444, 71.29054
20131001_053221_771: 3.713807, 17.913683, 71.35188
20131001_053221_821: 1.882824, 17.77716, 71.6742
20131001_053221_871: 1.4522722, 17.215965, 72.27531
20131001_053221_922: 2.158752, 17.686558, 71.77109
20131001_053221_973: 359.9939, 18.104544, 71.54587
20131001_053222_021: 1.069651, 18.11469, 71.47059
20131001_053222_071: 0.6838231, 18.231693, 71.38927
20131001_053222_121: 0.9337288, 17.693275, 71.920715
20131001_053222_172: 0.69457453, 17.82857, 71.80912
20131001_053222_221: 0.012372183, 17.504892, 72.19121
20131001_053222_273: 358.1031, 17.361704, 72.45416
20131001_053222_321: 357.58865, 17.338638, 72.51572
20131001_053222_371: 354.9425, 17.53482, 72.415695
20131001_053222_422: 354.89096, 17.672947, 72.28959
20131001_053222_471: 353.9756, 17.866474, 72.1181
20131001_053222_521: 354.52823, 17.548193, 72.43029
20131001_053222_584: 355.3514, 16.923157, 73.03961
20131001_053222_621: 355.79294, 17.161608, 72.7985
20131001_053222_671: 355.9765, 16.950077, 73.006615
20131001_053222_721: 355.95694, 16.834253, 73.122536
20131001_053222_771: 356.2141, 16.474371, 73.47555
20131001_053222_821: 356.12802, 16.549644, 73.407196
20131001_053222_884: 354.87454, 16.975481, 73.00998
20131001_053222_921: 352.72513, 163.48828, 73.488174
20131001_053222_971: 351.99677, 163.2883, 73.28382
20131001_053223_021: 350.98486, 163.54588, 73.529854
20131001_053223_071: 349.63657, 163.89946, 73.856606
20131001_053223_121: 349.6154, 163.5856, 73.533615
20131001_053223_174: 349.45087, 162.92604, 72.85443
20131001_053223_221: 350.5454, 162.19736, 72.142235
20131001_053223_271: 349.51068, 162.21895, 72.13282
20131001_053223_322: 350.26242, 162.29573, 72.22687
20131001_053223_371: 348.65857, 162.28857, 72.16622
20131001_053223_422: 348.10803, 162.32324, 72.16884
20131001_053223_484: 347.88574, 162.1582, 71.97852
20131001_053223_521: 347.10352, 162.08704, 71.85203
20131001_053223_572: 347.06235, 161.80989, 71.54438
20131001_053223_622: 347.00647, 161.5815, 71.293015
20131001_053223_672: 346.9359, 161.31377, 70.99415
20131001_053223_722: 347.27585, 161.15161, 70.836205
20131001_053223_774: 345.83707, 161.55418, 71.13967
20131001_053223_821: 346.007, 161.96472, 71.54491
20131001_053223_871: 344.82626, 162.14493, 71.64035
20131001_053223_922: 344.247, 162.36272, 71.80655
20131001_053223_971: 344.49408, 162.59431, 72.04732
20131001_053224_021: 343.17117, 162.8898, 72.229416
20131001_053224_073: 342.47702, 163.07379, 72.33201
20131001_053224_122: 342.52646, 163.44907, 72.731094
20131001_053224_172: 341.4879, 163.64757, 72.847534
20131001_053224_221: 341.023, 163.70706, 72.871994
20131001_053224_271: 339.46042, 164.53708, 73.618484
20131001_053224_321: 337.9108, 165.16788, 74.15715
20131001_053224_373: 335.7188, 166.24373, 75.12414
20131001_053224_422: 335.28152, 167.01361, 75.93197
20131001_053224_471: 332.9051, 167.59663, 76.33359
20131001_053224_521: 78.95286, 169.14374, 77.74052
20131001_053224_572: 80.43831, 170.78868, 79.1887
20131001_053224_621: 81.90875, 172.54626, 80.483696
20131001_053224_672: 82.762054, 173.78362, 81.43908
20131001_053224_721: 83.526146, 175.14633, 82.28005
20131001_053224_771: 83.76708, 176.0297, 82.93229
20131001_053224_821: 83.87818, 176.87573, 83.352684
20131001_053224_871: 83.758675, 177.85971, 83.87681
20131001_053224_922: 83.51929, 178.70967, 84.230125
20131001_053224_972: 83.12056, 179.4126, 84.45616
20131001_053225_021: 82.98232, 179.54439, 84.71902
20131001_053225_071: 82.65349, 179.94522, 84.79385
20131001_053225_121: 82.66471, 179.69891, 85.07448
20131001_053225_172: 82.65386, 179.84575, 85.18359
20131001_053225_221: 82.63587, 179.81058, 85.048195
20131001_053225_271: 82.60814, 179.59439, 85.20311
20131001_053225_321: 82.61985, 179.59827, 85.16681
20131001_053225_371: 82.600746, 179.34058, 85.34056
20131001_053225_422: 82.4616, 179.54274, 85.13212
20131001_053225_471: 82.41239, 179.39835, 85.17494
20131001_053225_523: 82.23758, 179.73251, 85.06222
20131001_053225_572: 82.09303, 179.91913, 85.02729
20131001_053225_622: 81.77888, -179.40512, 85.254135
20131001_053225_672: 81.746414, -179.18338, 85.09293
20131001_053225_721: 81.53568, -178.9639, 85.42241
20131001_053226_655: 81.6924, -179.10562, 85.64633
20131001_053226_742: 81.73718, -179.09865, 85.63513
20131001_053226_765: 81.61851, -178.80153, 85.49674
20131001_053226_771: 81.84274, -179.48271, 85.72808
20131001_053226_785: 81.978294, -179.57776, 85.6222
20131001_053226_795: 82.01191, -179.73622, 85.53268
20131001_053226_801: 82.0626, -179.57327, 85.17011
20131001_053226_810: 81.90334, -179.2354, 85.19538
20131001_053226_835: 81.97937, -179.34865, 85.285515
20131001_053226_841: 81.91775, -179.06052, 85.38128
20131001_053226_847: 81.990654, -179.30681, 85.34675
20131001_053226_853: 82.163864, -179.81808, 85.40589
20131001_053226_858: 82.03631, -179.37715, 85.454926
20131001_053226_866: 82.05812, -179.32024, 85.51582
20131001_053226_892: 81.95633, -179.01988, 85.43921
20131001_053226_897: 82.12706, -179.26952, 85.40615
20131001_053226_905: 82.36296, -179.69441, 85.527916
20131001_053226_910: 82.41994, -179.59488, 85.3998
20131001_053226_920: 82.285, -179.32443, 85.250015
20131001_053226_930: 82.413216, -179.57109, 85.57084
20131001_053226_949: 82.41299, -179.72604, 85.8723
20131001_053226_952: 82.26606, -179.32431, 85.58979
20131001_053226_971: 82.20075, -179.38586, 85.49322
20131001_053227_021: 82.19204, -179.21701, 85.312996
20131001_053227_072: 82.176544, -179.18991, 85.110245
20131001_053227_121: 82.14579, -178.94923, 84.92611
20131001_053227_173: 82.29935, -179.28195, 84.98711
20131001_053227_221: 82.26518, -179.51965, 85.232285
20131001_053227_271: 82.10248, -179.43307, 85.42236
20131001_053227_321: 81.88565, -179.05763, 85.52392
20131001_053227_373: 81.81681, -179.291, 85.81559
20131001_053227_421: 81.817245, -179.75063, 86.07705
20131001_053227_471: 81.68309, -179.7907, 85.97364
20131001_053227_521: 81.61207, -179.78647, 85.8724
20131001_053227_572: 81.49211, -179.58168, 85.67698
20131001_053227_622: 81.53584, -179.98526, 86.11065
20131001_053227_676: 81.59591, 179.97797, 86.516
20131001_053227_722: 81.59777, 179.87746, 86.7291
20131001_053227_771: 81.60755, 179.78775, 86.8487
20131001_053227_822: 81.591515, -179.93001, 86.70915
20131001_053227_871: 81.560295, -179.87437, 86.69616
20131001_053227_922: 81.49393, -179.80963, 86.866325
20131001_053227_974: 81.58768, -179.78761, 86.70192
20131001_053228_021: 81.48905, -179.94394, 87.38964
20131001_053228_121: 81.52626, -179.65079, 87.172844
20131001_053228_173: 81.563866, 179.90118, 87.69886
20131001_053228_221: 81.44898, -179.91507, 87.53661
20131001_053228_271: 81.224205, -179.53584, 87.63047
20131001_053228_322: 81.37597, -179.94891, 87.96153
20131001_053228_371: 81.25317, 179.66095, 87.99827
20131001_053228_423: 81.28307, -179.9453, 88.128296
20131001_053228_471: 81.2831, 179.79716, 88.477486
20131001_053228_521: 81.16557, -179.45135, 88.07028
20131001_053228_575: 81.25775, -179.51883, 88.221214
20131001_053228_621: 81.21049, -179.49413, 88.06606
20131001_053228_672: 81.25981, -179.83238, 89.137825
20131001_053228_721: 81.25265, -179.27316, 88.42172
20131001_053228_771: 81.28424, 179.90538, 88.54113
20131001_053228_821: 81.52488, 179.71005, 89.16328
20131001_053228_876: 81.296906, -179.31207, 88.46047
20131001_053228_922: 81.46998, 179.59451, 87.83083
20131001_053228_971: 81.50732, 179.49388, 88.638756
20131001_053229_021: 81.35708, -179.41177, 87.92656
20131001_053229_071: 81.22875, -179.2339, 87.22573
20131001_053229_121: 81.38228, -179.98209, 87.237526
20131001_053229_172: 81.61412, 179.35706, 87.62261
20131001_053229_221: 81.55256, 179.37706, 88.377594
20131001_053229_271: 81.31763, -179.60129, 88.2327
20131001_053229_322: 81.0462, -179.06537, 87.11928
20131001_053229_371: 80.491135, -178.44269, 85.99727
20131001_053229_425: 80.16721, -178.00385, 85.22933
20131001_053229_471: 79.67302, -177.53253, 84.38787
20131001_053229_521: 79.367065, -177.45932, 84.31097
20131001_053229_572: 79.20155, -176.92201, 83.5276
20131001_053229_622: 79.31258, -176.9978, 83.60759
20131001_053229_672: 79.34587, -177.24814, 83.75376
20131001_053229_722: 79.37973, -177.2877, 83.5774
20131001_053229_771: 79.949524, -178.0375, 84.36458
20131001_053229_821: 80.15686, -178.54475, 84.98374
20131001_053229_871: 80.14269, -178.5097, 84.88321
20131001_053229_922: 80.36942, -178.51994, 84.80246
20131001_053229_971: 80.17904, -178.57979, 84.75554
20131001_053230_023: 80.15077, -178.58574, 84.37421
20131001_053230_071: 80.32826, -179.09274, 84.94243
20131001_053230_121: 80.115425, -178.809, 84.9679
20131001_053230_171: 79.98116, -178.55144, 84.83655
20131001_053230_221: 79.782555, -178.87344, 84.35755
20131001_053230_284: 80.21564, -179.78569, 84.84794
20131001_053230_321: 79.88952, -179.07855, 84.71709
20131001_053230_371: 79.72544, -178.72485, 84.636116
20131001_053230_422: 79.77901, -179.27968, 84.70514
20131001_053230_471: 80.03947, -179.69095, 84.93852
20131001_053230_522: 79.68436, -178.94617, 84.80328
20131001_053230_572: 79.83268, -179.2502, 84.81524
20131001_053230_622: 79.75751, -179.19041, 84.76833
20131001_053230_671: 79.761314, -178.69997, 84.74187
20131001_053230_721: 79.87603, -179.20027, 84.443924
20131001_053230_772: 80.124825, -179.54195, 84.903206
20131001_053230_821: 80.04029, -179.14655, 84.55443
20131001_053230_871: 80.14156, -179.76753, 84.46827
20131001_053230_921: 80.078224, -179.65225, 84.39529
20131001_053230_971: 79.67368, -178.79807, 84.03761
20131001_053231_022: 79.99448, -179.24252, 84.23067
20131001_053231_071: 79.723854, -178.37189, 83.797455
20131001_053231_123: 80.0985, -179.17853, 84.48161
20131001_053231_171: 80.292465, -179.4352, 84.6845
20131001_053231_221: 80.20061, -178.89453, 84.98436
20131001_053231_272: 80.22946, -178.85486, 85.01725
20131001_053231_321: 80.32717, -178.98746, 85.863655
20131001_053231_371: 80.63046, -179.4143, 86.29728
20131001_053231_841: 80.51627, -179.62813, 86.99116
20131001_053231_847: 80.2624, -178.82861, 85.84207
20131001_053231_853: 79.97025, -178.80453, 84.69435
20131001_053231_859: 80.0447, -179.19894, 83.91563
20131001_053231_866: 80.20411, -179.38295, 83.37767
20131001_053231_872: 80.49381, -179.88249, 83.32412
20131001_053231_897: 80.78271, 179.52974, 82.824356
20131001_053231_901: 81.01564, 178.70691, 82.856544
20131001_053231_905: 80.95144, 178.99463, 83.29697
20131001_053231_909: 80.529915, -179.5263, 83.22069
20131001_053231_921: 80.23158, -178.4668, 82.8864
20131001_053231_978: 80.31392, -178.79565, 83.00001
20131001_053232_022: 80.693825, -179.40982, 82.70077
20131001_053232_071: 81.05909, 179.99907, 83.11908
20131001_053232_121: 80.82257, -179.08623, 82.89292
20131001_053232_171: 80.835976, -179.01434, 82.42125
20131001_053232_221: 81.14984, 179.95041, 82.15148
20131001_053232_284: 80.67201, -178.88676, 82.220245
20131001_053232_321: 80.77513, -179.17305, 81.936226
20131001_053232_371: 80.35788, -178.58487, 81.90921
20131001_053232_421: 80.479034, -178.86865, 81.57073
20131001_053232_471: 79.99522, -178.20378, 81.32647
20131001_053232_522: 80.09795, -178.53157, 81.14844
20131001_053232_580: 79.86682, -178.19179, 80.91677
20131001_053232_621: 80.04633, -178.8116, 80.911766
20131001_053232_671: 80.21734, -179.2326, 80.55213
20131001_053232_721: 80.06034, -178.82475, 80.61822
20131001_053232_773: 79.977486, -178.40688, 80.47694
20131001_053232_821: 80.2511, -178.92676, 80.49689
20131001_053232_872: 80.46124, -179.32117, 80.58102
20131001_053232_921: 80.3736, -179.19063, 80.49544
20131001_053232_971: 80.24907, -179.05785, 80.504395
20131001_053233_022: 80.17616, -178.83536, 80.67926
20131001_053233_071: 80.22369, -178.74487, 80.43861
20131001_053233_121: 80.101036, -178.447, 80.32751
20131001_053233_174: 80.22749, -178.45847, 80.29542
20131001_053233_221: 80.202385, -178.44855, 80.39322
20131001_053233_273: 80.15566, -178.40492, 80.11002
20131001_053233_321: 80.031364, -178.33055, 80.039764
20131001_053233_371: 80.040016, -178.5819, 80.240906
20131001_053233_424: 79.97193, -178.55624, 80.32224
20131001_053233_472: 79.74884, -178.28204, 80.1636
20131001_053233_524: 79.75152, -178.21796, 80.032135
20131001_053233_572: 79.61185, -178.00827, 79.77226
20131001_053233_621: 79.515564, -177.72974, 79.69106
20131001_053233_671: 79.46045, -177.68828, 79.688705
20131001_053233_723: 79.31724, -177.5131, 79.63271
20131001_053233_774: 79.2318, -177.4603, 79.68066
20131001_053233_822: 79.272064, -177.47563, 79.80724
20131001_053233_872: 79.35029, -177.59624, 80.03798
20131001_053233_972: 79.78091, -178.35321, 80.239716
20131001_053234_024: 79.70407, -178.25945, 80.41634
20131001_053234_073: 79.65228, -178.35652, 80.59876
20131001_053234_121: 79.54018, -178.32652, 80.42208
20131001_053234_172: 79.568825, -178.37714, 80.53017
20131001_053234_221: 79.63099, -178.55006, 80.55387
20131001_053234_321: 79.65365, -178.39809, 80.30954
20131001_053234_371: 79.80584, -178.63031, 80.53121
20131001_053234_422: 79.887, -178.67351, 80.80407
20131001_053234_473: 79.87638, -178.66418, 80.61077
20131001_053234_523: 79.73338, -178.54823, 80.4586
20131001_053234_571: 79.915764, -178.75777, 80.61714
20131001_053234_624: 79.80957, -178.64403, 80.70236
20131001_053234_671: 79.88615, -178.81172, 80.62224
20131001_053234_721: 79.98743, -178.86458, 80.90545
20131001_053234_774: 80.015686, -178.80795, 81.42351
20131001_053234_821: 80.061485, -178.629, 81.725105
20131001_053234_871: 80.19931, -178.88812, 81.85669
20131001_053234_936: 80.41507, -178.9415, 81.77722
20131001_053235_023: 80.53561, -178.97533, 81.48077
20131001_053235_071: 80.499466, -178.80988, 80.947105
20131001_053235_121: 80.59659, -178.98476, 81.231606
20131001_053235_172: 80.76516, -179.30731, 81.3573
20131001_053235_221: 80.82276, -179.6051, 81.623245
20131001_053235_274: 80.852135, -179.45204, 82.082954
20131001_053235_321: 81.02747, -179.83696, 82.22805
20131001_053235_371: 81.04264, -179.71512, 81.80323
20131001_053235_422: 80.94566, -179.39368, 81.76932
20131001_053235_471: 80.99777, -179.6255, 81.98929
20131001_053235_525: 80.94919, -179.41248, 81.9875
20131001_053235_573: 81.00602, -179.39412, 81.98721
20131001_053235_621: 81.105606, -179.36885, 82.43007
20131001_053235_721: 81.37552, -179.59708, 83.01164
20131001_053235_771: 81.3497, -179.23872, 83.35247
20131001_053235_821: 81.41192, -178.99739, 83.31214
20131001_053235_872: 81.61641, -179.06645, 83.507095
20131001_053235_922: 81.75201, -179.34924, 84.2846
20131001_053235_972: 81.966, -179.61171, 84.82941
20131001_053236_021: 82.08736, -179.53952, 85.29375
20131001_053236_071: 82.236595, -179.6961, 85.49972
20131001_053236_121: 82.475426, 179.78581, 85.66938
20131001_053236_172: 82.71405, 179.59546, 85.80073
20131001_053236_221: 82.71405, 179.6505, 85.140564
20131001_053236_271: 82.75224, 179.63483, 84.79992
20131001_053236_321: 82.82765, 179.83865, 85.026146
20131001_053236_371: 82.90141, 179.34128, 85.16927
20131001_053236_422: 82.86281, 179.48132, 84.73778
20131001_053236_471: 82.84956, 179.66614, 84.66893
20131001_053236_521: 82.80953, 179.45343, 84.62608
20131001_053236_571: 82.72963, 179.622, 84.425186
20131001_053236_621: 82.71855, 179.6962, 84.49535
20131001_053236_672: 82.67036, 179.89111, 84.52033
20131001_053236_722: 82.66317, -179.94461, 84.5534
20131001_053236_771: 82.789795, 179.85909, 84.68735
20131001_053236_871: 82.769394, 179.4158, 84.949974
20131001_053236_922: 82.87718, 179.30508, 84.75074
20131001_053236_971: 82.79762, 178.8954, 84.61181
20131001_053237_021: 82.83666, 178.78654, 84.525696
20131001_053237_071: 82.704414, 178.70872, 84.53379
20131001_053237_121: 82.657234, 178.75903, 84.60955
20131001_053237_221: 82.61215, 178.9621, 84.948814
20131001_053237_321: 82.61395, 178.90504, 84.574554
20131001_053237_373: 82.56769, 179.09944, 84.73057
20131001_053237_422: 82.766884, 178.99713, 84.34639
20131001_053237_471: 82.7661, 178.74411, 84.1905
20131001_053237_521: 82.73858, 178.96548, 84.12085
20131001_053237_571: 82.65381, 179.00288, 84.05711
20131001_053237_621: 82.56101, 179.00375, 83.982544
20131001_053237_672: 82.50803, 179.15068, 83.80421
20131001_053237_721: 82.506836, 178.8896, 83.60615
20131001_053237_771: 82.57804, 178.78822, 83.48906
20131001_053237_821: 82.61877, 179.12685, 83.54963
20131001_053237_871: 82.69201, 179.12083, 83.48154
20131001_053237_922: 82.74648, 179.15192, 83.65771
20131001_053237_976: 82.758606, 179.13136, 83.72538
20131001_053238_023: 82.65822, 179.35565, 83.97328
20131001_053238_072: 82.811295, 179.23668, 83.87426
20131001_053238_122: 82.89836, 179.3029, 83.98118
20131001_053238_172: 82.97088, 179.39468, 84.056915
20131001_053238_222: 83.08673, 179.15141, 84.13802
20131001_053238_289: 83.079056, 179.18465, 84.283775
20131001_053238_324: 83.011795, 179.1859, 84.25789
20131001_053238_372: 82.88809, 179.10036, 84.27002
20131001_053238_423: 82.74777, 179.46901, 84.205
20131001_053238_472: 82.60582, 179.48528, 84.22641
20131001_053238_522: 82.41932, 179.53186, 84.16798
20131001_053238_571: 82.19629, 179.77429, 84.212364
20131001_053238_621: 82.03984, 179.44003, 84.240746
20131001_053238_721: 82.07007, 179.11581, 84.27415
20131001_053238_771: 81.90243, 179.34018, 84.371346
20131001_053238_822: 81.82584, 179.8281, 84.58849
20131001_053238_871: 81.64806, -179.83557, 84.76761
20131001_053238_923: 81.682335, -179.88513, 85.0138
20131001_053238_972: 81.7789, 179.85303, 85.14649
20131001_053239_022: 81.69057, -179.69762, 84.9598
20131001_053239_071: 81.488846, -178.98982, 84.91636
20131001_053239_121: 81.52358, -179.20093, 85.06026
20131001_053239_184: 81.57945, -179.27899, 84.865685
20131001_053239_221: 81.59642, -179.23766, 85.219246
20131001_053239_271: 81.558556, -179.20708, 85.14391
20131001_053239_321: 81.61343, -179.26892, 85.2739
20131001_053239_371: 81.58923, -179.16664, 85.20128
20131001_053239_423: 81.85488, -179.71846, 85.3789
20131001_053239_471: 81.79149, -179.57361, 85.74514
20131001_053239_521: 81.66512, -179.10518, 85.64738
20131001_053239_572: 81.39395, -178.7171, 85.563614
20131001_053239_621: 81.54469, -178.72917, 85.9217
20131001_053239_673: 81.74971, -178.8567, 86.05194
20131001_053239_721: 81.58768, -178.29369, 85.79543
20131001_053239_776: 81.52317, -177.95738, 85.629776
20131001_053239_821: 81.75224, -178.2934, 85.830986
20131001_053239_871: 81.72149, -178.27525, 85.59838
20131001_053239_923: 81.708984, -178.10652, 85.73844
20131001_053239_971: 81.93134, -178.42085, 86.03759
20131001_053240_021: 82.013695, -178.619, 85.747765
20131001_053240_071: 82.038635, -178.42157, 85.84483
20131001_053240_221: 82.00851, -178.67921, 86.16445
20131001_053240_271: 82.248886, -179.12383, 86.16451
20131001_053240_321: 82.519714, -179.11919, 86.07742
20131001_053240_384: 82.45182, -178.89822, 86.124504
20131001_053240_422: 82.63057, -179.04245, 86.35678
20131001_053240_471: 82.61052, -179.26976, 86.28531
20131001_053240_521: 82.46013, -179.09088, 86.22291
20131001_053240_572: 82.47054, -179.24539, 86.5586
20131001_053240_622: 82.29742, -179.20901, 86.25307
20131001_053240_675: 82.04156, -178.93423, 86.22046
20131001_053240_721: 82.336334, -179.30513, 86.51347
20131001_053240_771: 82.354805, -179.56105, 86.55491
20131001_053240_821: 82.306854, -179.19264, 86.71
20131001_053240_871: 82.4366, -179.26996, 87.10544
20131001_053240_922: 82.61152, -179.50996, 86.798195
20131001_053240_974: 82.53147, -179.18648, 86.5058
20131001_053241_022: 82.59004, -179.3869, 86.68834
20131001_053241_072: 82.74226, -179.91753, 86.80822
20131001_053241_122: 82.58083, -179.32376, 86.678566
20131001_053241_172: 82.809555, -179.57506, 87.068825
20131001_053241_222: 83.14493, -179.73872, 86.693054
20131001_053241_286: 83.15281, -179.04645, 86.64953
20131001_053241_322: 83.44303, -179.07219, 86.91091
20131001_053241_372: 83.84644, -179.44547, 86.80507
20131001_053241_422: 83.903694, -179.62723, 87.28924
20131001_053243_224: 83.99061, -179.85579, 87.35999
20131001_053243_232: 83.70998, -179.2345, 87.01748
