20131001_052937_264: 64.45805, 175.80098, 84.09782
20131001_052937_286: 64.423485, 175.80765, 83.90175
20131001_052937_334: 64.36192, 175.70543, 83.64508
20131001_052937_342: 64.361855, 176.07434, 83.91311
20131001_052937_349: 64.3901, 175.74258, 83.7252
20131001_052937_356: 64.28461, 176.29114, 84.01181
20131001_052937_362: 64.28641, 176.05923, 83.89407
20131001_052937_392: 64.20644, 176.49115, 84.22452
20131001_052937_396: 64.2546, 176.38377, 84.06612
20131001_052937_400: 64.38912, 176.76357, 84.2768
20131001_052937_403: 64.68731, 176.66022, 84.069626
20131001_052937_407: 64.9336, 176.83008, 84.0752
20131001_052937_415: 65.05439, 176.67911, 83.93807
20131001_052937_430: 65.04576, 176.8323, 84.1221
20131001_052937_434: 64.99817, 176.66727, 84.012985
20131001_052937_438: 64.86652, 176.84189, 84.25257
20131001_052937_447: 65.02714, 176.7043, 84.19456
20131001_052937_453: 65.040504, 176.71756, 84.125145
20131001_052937_470: 65.0862, 176.61732, 84.05308
20131001_052937_474: 65.032036, 176.81213, 84.24172
20131001_052937_479: 64.974884, 176.55562, 84.22249
20131001_052937_482: 64.88869, 176.47238, 84.26039
20131001_052937_486: 64.79284, 176.46216, 83.871735
20131001_052937_501: 64.70656, 176.62651, 83.918465
20131001_052937_505: 64.70251, 176.09245, 83.56768
20131001_052937_508: 64.549614, 176.2804, 83.8482
20131001_052937_512: 64.55608, 176.05496, 83.68228
20131001_052937_515: 64.36174, 176.1885, 83.85145
20131001_052937_530: 64.21294, 176.11647, 83.80012
20131001_052937_533: 63.921085, 176.38875, 84.154495
20131001_052937_538: 63.6018, 176.2464, 84.10112
20131001_052937_542: 63.255184, 176.28496, 84.20894
20131001_052937_545: 63.002834, 176.23027, 84.171936
20131001_052937_561: 62.782063, 176.53102, 84.36322
20131001_052937_570: 62.67291, 176.33038, 84.27226
20131001_052937_574: 62.540356, 176.64937, 84.34623
20131001_052937_581: 62.498344, 176.40874, 84.20336
20131001_052937_589: 62.60739, 176.48505, 84.25758
20131001_052937_593: 62.800827, 176.45605, 84.16199
20131001_052937_608: 63.047726, 176.68057, 84.268074
20131001_052937_614: 63.475986, 176.64735, 84.28786
20131001_052937_617: 63.748043, 176.8576, 84.220566
20131001_052937_621: 63.97788, 176.8236, 83.939545
20131001_052937_624: 64.17034, 176.86385, 83.90404
20131001_052937_640: 64.38039, 176.51044, 83.63948
20131001_052937_644: 64.4541, 176.61272, 83.762085
20131001_052937_648: 64.62736, 176.54622, 83.65706
20131001_052937_652: 64.65189, 176.52591, 83.66105
20131001_052937_656: 64.661896, 176.36975, 83.417625
20131001_052937_686: 64.63346, 176.68314, 83.57858
20131001_052937_691: 64.745865, 176.55594, 83.30441
20131001_052937_697: 64.836296, 176.81581, 83.41861
20131001_052937_703: 65.007614, 176.74084, 83.27939
20131001_052937_709: 64.9718, 177.01022, 83.54135
20131001_052937_716: 64.95554, 176.74724, 83.47702
20131001_052937_735: 64.79509, 177.04369, 83.68093
20131001_052937_741: 64.818085, 176.75752, 83.58471
20131001_052937_747: 64.89015, 176.79881, 83.68
20131001_052937_752: 64.96558, 176.64542, 83.51258
20131001_052937_757: 65.03807, 176.83704, 83.584305
20131001_052937_792: 65.14193, 176.67694, 83.550705
20131001_052937_797: 65.173615, 176.78072, 83.68233
20131001_052937_805: 65.21769, 176.67136, 83.61074
20131001_052937_813: 65.15676, 176.59749, 83.685425
20131001_052937_819: 65.11031, 176.5172, 83.684006
20131001_052937_843: 65.03064, 176.72002, 83.854454
20131001_052937_849: 65.08862, 176.67432, 83.88453
20131001_052937_854: 65.03551, 176.61426, 83.97412
20131001_052937_860: 64.92706, 176.755, 83.99358
20131001_052937_866: 64.87863, 176.74205, 84.131035
20131001_052937_871: 64.711365, 176.85054, 84.17573
20131001_052937_889: 64.65065, 176.71497, 84.16736
20131001_052937_892: 64.58137, 176.97226, 84.40297
20131001_052937_896: 64.56908, 176.80861, 84.41934
20131001_052937_900: 64.444756, 176.98746, 84.49314
20131001_052937_903: 64.32215, 176.91559, 84.52584
20131001_052937_931: 64.2851, 177.00383, 84.48213
20131001_052937_935: 64.334145, 176.80342, 84.27151
20131001_052937_941: 64.356415, 177.05382, 84.32306
20131001_052937_947: 64.444664, 176.89877, 84.20758
20131001_052937_954: 64.42343, 177.02881, 84.259254
20131001_052937_972: 64.349495, 176.96844, 84.30325
20131001_052937_990: 64.3269, 177.1922, 84.46145
20131001_052937_996: 64.338, 177.08783, 84.54779
20131001_052938_001: 64.336426, 177.09021, 84.595085
20131001_052938_007: 64.22936, 177.15198, 84.61835
20131001_052938_013: 64.09809, 176.94125, 84.56636
20131001_052938_034: 63.99839, 176.88847, 84.589645
20131001_052938_040: 63.870155, 176.60541, 84.39675
20131001_052938_050: 63.89761, 176.69368, 84.37297
20131001_052938_057: 64.02577, 176.45085, 84.3569
20131001_052938_063: 64.37192, 176.71971, 84.50381
20131001_052938_081: 64.59397, 176.57616, 84.448456
20131001_052938_100: 64.80944, 176.6391, 84.47946
20131001_052938_106: 64.888756, 176.52216, 84.613594
20131001_052938_112: 64.89095, 176.56636, 84.65771
20131001_052938_118: 64.86274, 176.51723, 84.71254
20131001_052938_124: 65.010605, 176.62686, 84.715614
20131001_052938_132: 65.16128, 176.63843, 84.71593
20131001_052938_150: 65.171715, 176.42546, 84.539345
20131001_052938_160: 65.26441, 176.56898, 84.607574
20131001_052938_170: 65.1573, 176.22632, 84.505585
20131001_052938_177: 65.19263, 175.96748, 84.26564
20131001_052938_196: 64.96934, 176.20029, 84.34277
20131001_052938_218: 64.93766, 175.97649, 84.217
20131001_052938_225: 64.778046, 176.24873, 84.33351
20131001_052938_230: 64.63673, 176.06705, 84.15391
20131001_052938_236: 64.558655, 176.31075, 84.30315
20131001_052938_241: 64.66238, 176.09253, 84.114105
20131001_052938_264: 64.72108, 176.45473, 84.198975
20131001_052938_269: 65.06113, 176.3075, 84.087296
20131001_052938_275: 65.40526, 176.50934, 84.02027
20131001_052938_281: 65.85087, 176.4689, 84.01674
20131001_052938_290: 66.33954, 176.29285, 83.77635
20131001_052938_309: 66.667786, 176.33582, 83.8544
20131001_052938_330: 66.916046, 176.18681, 83.72841
20131001_052938_336: 66.92656, 176.49731, 83.85981
20131001_052938_342: 66.86, 176.51956, 83.9824
20131001_052938_348: 66.8777, 176.6562, 83.98894
20131001_052938_355: 66.873695, 176.67459, 84.035034
20131001_052938_377: 66.89756, 176.58847, 84.053535
20131001_052938_383: 66.98532, 176.49944, 83.86608
20131001_052938_389: 66.92841, 176.6083, 84.0834
20131001_052938_395: 66.84576, 176.32503, 83.82528
20131001_052938_401: 66.71197, 176.51796, 84.04941
20131001_052938_410: 66.571144, 176.18192, 83.86613
20131001_052938_434: 66.395645, 176.22206, 84.0486
20131001_052938_440: 66.26579, 175.97476, 83.826805
20131001_052938_445: 66.24225, 176.1347, 83.9373
20131001_052938_451: 66.25152, 175.86037, 83.81501
20131001_052938_460: 66.211624, 176.02519, 83.929794
20131001_052938_481: 66.23952, 175.80695, 83.85027
20131001_052938_487: 66.20291, 175.54619, 83.73104
20131001_052938_493: 66.045395, 175.95901, 84.10097
20131001_052938_499: 66.134315, 175.77267, 84.009384
20131001_052938_505: 65.95753, 176.28502, 84.41781
20131001_052938_521: 65.9949, 176.05898, 84.411964
20131001_052938_573: 65.81874, 176.4337, 84.736855
20131001_052938_621: 65.76133, 176.45192, 84.70532
20131001_052938_672: 65.74967, 176.70036, 84.869804
20131001_052938_721: 65.83682, 176.76646, 84.87903
20131001_052938_771: 65.872, 176.84554, 84.694115
20131001_052938_822: 65.913864, 177.09785, 84.79869
20131001_052938_871: 65.93413, 177.06702, 84.60806
20131001_052938_922: 65.8624, 177.27887, 84.732765
20131001_052938_971: 65.791115, 176.82356, 84.446976
20131001_052939_021: 65.69542, 177.14853, 84.65063
20131001_052939_071: 65.70437, 176.77252, 84.39933
20131001_052939_121: 65.59585, 176.98163, 84.3878
20131001_052939_172: 65.669304, 176.79523, 84.21631
20131001_052939_223: 65.630714, 177.14426, 84.40912
20131001_052939_271: 65.73853, 176.69446, 84.125244
20131001_052939_321: 65.611046, 177.15944, 84.39192
20131001_052939_373: 65.7335, 176.64171, 84.155106
20131001_052939_422: 65.69287, 176.87343, 84.34775
20131001_052939_471: 65.66077, 176.54124, 83.995094
20131001_052939_522: 65.77722, 176.34752, 83.9667
20131001_052939_571: 65.751625, 176.41351, 83.77778
20131001_052939_621: 65.81351, 175.97916, 83.63394
20131001_052939_672: 65.84571, 176.7025, 83.92216
20131001_052939_721: 65.80036, 176.54488, 83.68578
20131001_052939_771: 65.812675, 176.4546, 83.62361
20131001_052939_821: 65.47354, 177.3975, 83.984985
20131001_052939_872: 65.69612, 176.68503, 83.77144
20131001_052939_922: 65.53463, 176.81044, 83.57829
20131001_052939_972: 65.34159, 177.49744, 83.809135
20131001_052940_021: 65.309944, 177.40459, 83.398
20131001_052940_071: 65.399796, 177.08981, 83.56936
20131001_052940_121: 65.21021, 177.95862, 83.753105
20131001_052940_171: 65.40483, 177.52356, 83.68606
20131001_052940_222: 65.397316, 177.16812, 83.30236
20131001_052940_272: 65.21901, 177.72607, 83.6217
20131001_052940_321: 65.07583, 177.99242, 83.156654
20131001_052940_371: 65.04288, 177.59323, 83.1819
20131001_052940_421: 64.94435, 178.229, 83.43196
20131001_052940_471: 64.85052, 178.13303, 83.05398
20131001_052940_521: 64.63731, 178.65147, 83.31727
20131001_052940_572: 64.4196, 178.8179, 83.118385
20131001_052940_621: 64.21132, 179.00748, 83.078156
20131001_052940_671: 64.01669, 179.21489, 83.13986
20131001_052940_721: 63.718105, 179.64893, 83.033295
20131001_052940_771: 63.326687, -179.9614, 82.800644
20131001_052940_821: 63.16456, -179.91374, 82.82203
20131001_052940_871: 62.814384, -179.82385, 82.711174
20131001_052940_921: 62.55952, -179.74634, 82.62898
20131001_052940_971: 62.261337, -179.74857, 82.497154
20131001_052941_021: 61.987747, -179.57338, 82.542336
20131001_052941_071: 61.723507, -179.56487, 82.52801
20131001_052941_123: 61.34246, -179.14433, 82.51814
20131001_052941_171: 61.03216, -178.97466, 82.52227
20131001_052941_221: 60.640244, -178.52948, 82.40895
20131001_052941_271: 60.229595, -178.36127, 82.1907
20131001_052941_321: 59.83668, -177.83488, 82.07601
20131001_052941_371: 59.381374, -177.6028, 81.882545
20131001_052941_423: 59.05069, -177.16641, 81.68668
20131001_052941_471: 58.598953, -177.00789, 81.56551
20131001_052941_521: 58.27146, -176.71185, 81.52785
20131001_052941_571: 57.874115, -176.61272, 81.50901
20131001_052941_621: 57.39164, -176.12587, 81.29951
20131001_052941_671: 56.958607, -176.36427, 81.397385
20131001_052941_722: 56.469364, -176.30473, 81.593605
20131001_052941_771: 56.00188, -176.40173, 81.39432
20131001_052941_822: 55.59955, -176.8412, 81.673164
20131001_052941_871: 55.017773, -176.7483, 81.52
20131001_052941_922: 54.665455, -177.0324, 81.42059
20131001_052941_974: 54.044804, -176.63441, 81.30173
20131001_052942_023: 53.415737, -176.67957, 80.91078
20131001_052942_073: 52.733315, -176.11871, 80.75132
20131001_052942_121: 52.059296, -175.8628, 80.60223
20131001_052942_172: 51.382374, -175.54405, 80.461624
20131001_052942_222: 50.85567, -174.94872, 80.19804
20131001_052942_273: 50.151, -174.6959, 80.194336
20131001_052942_324: 49.98973, -174.05704, 80.514595
20131001_052942_372: 50.216835, -174.51257, 81.62282
20131001_052942_422: 50.02563, -174.4659, 82.848
20131001_052942_472: 50.380905, -174.32506, 83.09281
20131001_052942_521: 49.861435, -174.61206, 83.79629
20131001_052942_574: 50.736893, -175.62875, 85.15809
20131001_052942_672: 50.527977, -175.68965, 85.47024
20131001_052942_721: 50.535164, -175.00568, 84.79349
20131001_052942_771: 49.82123, -174.62956, 84.34273
20131001_052942_823: 49.615044, -174.07483, 83.68488
20131001_052942_871: 49.13595, -173.75175, 83.393425
20131001_052942_922: 49.30926, -173.79459, 83.47129
20131001_052942_971: 49.1878, -173.814, 83.51972
20131001_052943_022: 49.44025, -174.62129, 84.46973
20131001_052943_071: 49.71075, -174.95303, 84.879944
20131001_052943_121: 50.480293, -3.9481184, 86.044106
20131001_052943_176: 51.209618, -3.128509, 86.60528
20131001_052943_222: 51.889687, -1.6075697, 86.96535
20131001_052943_271: 52.611816, -0.39108598, 86.830864
20131001_052943_321: 53.175503, 0.5302523, 86.490715
20131001_052943_371: 53.729805, 1.6376718, 85.64437
20131001_052943_422: 54.148876, 1.6519102, 85.64695
20131001_052943_472: 54.634235, 1.0323962, 86.378624
20131001_052943_522: 54.875988, 0.38088664, 86.89909
20131001_052943_574: 55.0666, -0.5451598, 87.52477
20131001_052943_621: 55.727577, -0.4184586, 87.742615
20131001_052943_672: 56.301456, 0.10949141, 87.03003
20131001_052943_725: 57.06493, 0.1819446, 86.87123
20131001_052943_771: 57.54048, -0.19228554, 86.37279
20131001_052943_822: 57.623215, -0.93982327, 87.22758
20131001_052943_871: 58.152493, -0.577878, 87.44873
20131001_052943_922: 58.63544, -0.010679001, 86.75314
20131001_052943_972: 59.3972, 0.27708304, 86.34233
20131001_052944_021: 59.515503, 0.089268886, 86.81043
20131001_052944_072: 60.168987, 0.6655537, 87.14661
20131001_052944_121: 60.734184, 1.5853491, 86.095535
20131001_052944_172: 61.256184, 0.8965825, 85.90292
20131001_052944_222: 61.523308, 0.09520603, 86.60238
20131001_052944_289: 62.000717, -0.40600693, 86.58055
20131001_052944_322: 62.212536, -1.2271901, 85.6051
20131001_052944_371: 62.360764, -2.0329285, 85.82569
20131001_052944_422: 62.767567, -1.7634014, 85.6896
20131001_052944_471: 63.129757, -2.3385308, 85.06439
20131001_052944_521: 63.239613, -2.7296586, 85.06551
20131001_052944_572: 64.23887, -1.1650425, 85.78823
20131001_052944_621: 64.76313, -0.67222387, 85.63229
20131001_052944_672: 65.44825, -0.08130319, 85.87593
20131001_052944_722: 66.19596, 1.3648674, 85.45274
20131001_052944_771: 66.69184, 1.3153229, 84.91481
20131001_052944_822: 66.94651, 1.0164486, 85.75178
20131001_052944_872: 67.10086, 0.7771627, 85.77444
20131001_052944_922: 67.03987, -0.17332825, 85.78274
20131001_052944_971: 67.10598, -0.42509612, 86.09951
20131001_052945_022: 66.980606, -1.3710246, 85.8186
20131001_052945_072: 67.18252, -1.0104969, 86.0458
20131001_052945_121: 67.22245, -1.2926648, 86.00322
20131001_052945_172: 67.64284, -0.6008952, 86.2961
20131001_052945_221: 67.863174, -0.45269766, 86.11142
20131001_052945_271: 68.13718, 0.18785101, 86.29269
20131001_052945_322: 68.35553, 0.42556572, 85.91579
20131001_052945_373: 68.50372, 0.5727038, 85.85563
20131001_052945_422: 68.611084, 0.66516256, 85.635826
20131001_052945_471: 68.53759, 0.3579247, 85.65198
20131001_052945_572: 68.54334, 0.23465692, 85.15942
20131001_052945_622: 68.5661, 0.23908803, 85.24588
20131001_052945_674: 68.58751, 0.7928001, 84.79669
20131001_052945_771: 68.536064, 0.8712582, 84.31221
20131001_052945_821: 68.56894, 1.1496525, 83.64155
20131001_052945_871: 68.59618, 1.0078977, 83.234535
20131001_052945_922: 68.54224, 0.63108474, 82.89376
20131001_052945_971: 68.79706, 0.49799532, 82.31297
20131001_052946_021: 68.85267, 1.0258262, 81.58924
20131001_052946_072: 69.043106, 0.9517042, 81.546
20131001_052946_121: 69.09625, 0.7952201, 81.764984
20131001_052946_171: 69.05957, 0.58470166, 81.76514
20131001_052946_221: 69.187004, 1.0076756, 81.72335
20131001_052946_273: 69.262024, 0.97451675, 82.0443
20131001_052946_321: 69.362274, 1.4054453, 81.85915
20131001_052946_371: 69.373566, 1.2530538, 82.08389
20131001_052946_421: 69.51637, 1.6492282, 81.97182
20131001_052946_472: 69.42332, 1.3679233, 81.789246
20131001_052946_522: 69.473335, 1.2841334, 81.77516
20131001_052946_589: 69.38768, 1.2598923, 81.849236
20131001_052946_622: 69.30404, 0.7607568, 82.00183
20131001_052946_672: 69.21988, 0.72937113, 81.89944
20131001_052946_723: 69.06385, 0.2504775, 81.43533
20131001_052946_773: 69.02023, 0.39138138, 80.92093
20131001_052946_822: 69.01388, 0.7252728, 80.82258
20131001_052946_872: 69.05839, 1.3560882, 80.75308
20131001_052946_922: 69.03329, 1.2234582, 80.759964
20131001_052946_971: 69.02753, 1.3380632, 80.23795
20131001_052947_021: 69.0058, 0.9965303, 80.0029
20131001_052947_072: 69.01622, 0.67025495, 80.071175
20131001_052947_133: 68.85184, 0.6229544, 80.118645
20131001_052947_172: 68.636856, -0.21139997, 80.26074
20131001_052947_222: 68.37595, -0.14178634, 80.72186
20131001_052947_271: 67.96519, -0.23641741, 80.61566
20131001_052947_322: 67.96146, 0.43527165, 80.5815
20131001_052947_371: 67.85906, 1.0809225, 80.760544
20131001_052947_422: 67.817444, 1.7898654, 80.63448
20131001_052947_471: 67.75986, 2.2941942, 80.3137
20131001_052947_521: 67.651634, 1.995086, 80.343765
20131001_052947_571: 67.55214, 1.9541664, 80.55625
20131001_052947_621: 67.39253, 1.743152, 80.83289
20131001_052947_674: 67.30077, 1.762897, 80.866875
20131001_052947_721: 67.15673, 1.5556251, 80.769775
20131001_052947_771: 67.15187, 1.4381825, 80.6423
20131001_052947_821: 67.08669, 1.6731408, 80.67408
20131001_052947_871: 67.03612, 1.8153187, 80.461006
20131001_052947_922: 67.05501, 2.3595562, 80.26795
20131001_052947_973: 66.984795, 2.1066642, 80.42905
20131001_052948_021: 66.89863, 2.8195314, 79.960625
20131001_052948_071: 66.876595, 2.6325026, 79.846535
20131001_052948_121: 66.880295, 2.7264278, 79.67149
20131001_052948_172: 66.686646, 1.7988396, 79.90024
20131001_052948_221: 66.63134, 1.828677, 79.98618
20131001_052948_271: 66.40053, 0.8134243, 80.34938
20131001_052948_322: 66.33114, 1.146773, 80.3672
20131001_052948_371: 66.17287, 1.2588488, 80.18926
20131001_052948_422: 66.14154, 1.6809114, 80.0355
20131001_052949_459: 66.00734, 1.854307, 79.594185
20131001_052949_467: 65.78689, 1.8337065, 80.17114
20131001_052949_495: 65.645546, 1.8300009, 80.163635
20131001_052949_502: 65.5853, 2.271373, 80.405464
20131001_052949_508: 65.38028, 2.7554739, 80.11368
20131001_052949_513: 65.2656, 2.6970901, 80.33713
20131001_052949_518: 65.12865, 2.5367877, 80.4124
20131001_052949_524: 64.82254, 1.9691794, 80.71751
20131001_052949_534: 64.74172, 2.2729623, 80.6904
20131001_052949_552: 64.53703, 1.8619673, 81.1154
20131001_052949_559: 64.49747, 2.7049983, 80.99573
20131001_052949_563: 64.34729, 2.7881505, 81.000175
20131001_052949_568: 64.28138, 3.883205, 80.67936
20131001_052949_572: 64.08571, 3.9884856, 80.69771
20131001_052949_577: 63.960754, 4.5313525, 80.59258
20131001_052949_585: 63.736195, 4.7146463, 80.21406
20131001_052949_594: 63.520622, 5.3124385, 80.04012
20131001_052949_597: 63.308067, 5.829983, 79.310455
20131001_052949_601: 63.159145, 5.7811675, 79.156395
20131001_052949_604: 63.030647, 6.4933496, 78.68784
20131001_052949_608: 62.986984, 5.391438, 79.228134
20131001_052949_614: 62.95258, 5.5708957, 79.07765
20131001_052949_619: 62.997925, 4.990944, 79.261154
20131001_052949_639: 63.00522, 5.339715, 79.033875
20131001_052949_673: 62.930874, 5.5626636, 78.700165
20131001_052949_721: 62.960686, 4.8638234, 78.999756
20131001_052949_771: 63.023262, 5.6005764, 78.397835
20131001_052949_822: 62.973686, 4.9242277, 78.5091
20131001_052949_871: 62.978817, 5.4454293, 78.09529
20131001_052949_923: 62.84071, 5.6159, 77.91137
20131001_052950_021: 62.678715, 5.326849, 77.87823
20131001_052950_072: 62.445747, 6.0938597, 77.31762
20131001_052950_121: 62.315166, 6.4338117, 76.96504
20131001_052950_173: 62.077335, 6.884466, 76.18901
20131001_052950_221: 61.893356, 7.066539, 76.22519
20131001_052950_271: 61.631084, 7.9475117, 75.34367
20131001_052950_322: 61.416058, 7.303945, 75.80298
20131001_052950_371: 61.26344, 7.480493, 75.869705
20131001_052950_426: 61.11352, 7.2821264, 75.97463
20131001_052950_471: 60.9525, 7.5036306, 75.979774
20131001_052950_521: 60.90783, 6.997878, 76.49523
20131001_052950_572: 60.870026, 7.2425694, 76.649605
20131001_052950_621: 60.817078, 6.887235, 77.31584
20131001_052950_673: 60.65341, 7.213274, 77.49095
20131001_052950_726: 60.686543, 6.577217, 78.23305
20131001_052950_771: 60.65335, 7.0967836, 78.31623
20131001_052950_822: 60.481407, 6.7352552, 78.92806
20131001_052950_871: 60.45911, 7.1806917, 78.81212
20131001_052950_922: 60.333656, 7.1472254, 79.017944
20131001_052950_971: 60.170055, 7.6583567, 79.05772
20131001_052951_022: 60.13058, 7.4148, 79.51933
20131001_052951_072: 60.087574, 7.5137577, 80.02031
20131001_052951_121: 59.994446, 7.582037, 80.54841
20131001_052951_173: 59.930313, 7.0813437, 81.40106
20131001_052951_221: 59.906494, 7.7201676, 81.30383
20131001_052951_271: 59.789215, 7.0495796, 82.1552
20131001_052951_322: 59.887894, 7.685714, 81.7746
20131001_052951_371: 59.951042, 7.198199, 82.3654
20131001_052951_422: 59.935097, 7.3927627, 82.280716
20131001_052951_471: 60.03257, 7.6164837, 82.07106
20131001_052951_521: 59.95639, 7.477786, 82.32518
20131001_052951_572: 59.89594, 7.487511, 82.24707
20131001_052951_622: 59.76191, 7.0954776, 82.67906
20131001_052951_671: 59.555687, 7.843232, 82.04155
20131001_052951_721: 59.490723, 7.2775884, 82.62982
20131001_052951_771: 59.34293, 8.169526, 81.82692
20131001_052951_821: 59.31979, 170.8584, 80.85079
20131001_052951_871: 59.42937, 171.29785, 81.17886
20131001_052951_921: 59.302586, 170.36032, 79.96323
20131001_052951_971: 59.49419, 172.33438, 81.88361
20131001_052952_021: 59.42498, 172.09967, 81.1801
20131001_052952_072: 59.327377, 172.17764, 81.048805
20131001_052952_121: 59.36291, 172.72482, 81.10375
20131001_052952_175: 59.29951, 172.68552, 80.82348
20131001_052952_221: 59.322857, 172.85764, 80.525444
20131001_052952_271: 59.48696, 171.892, 79.57545
20131001_052952_322: 59.590603, 171.3961, 78.86907
20131001_052952_371: 59.797924, 171.29826, 78.40462
20131001_052952_421: 59.94818, 171.2461, 77.84595
20131001_052952_474: 60.13447, 171.75475, 79.0092
20131001_052952_521: 60.440693, 170.8039, 78.36993
20131001_052952_573: 60.78985, 169.86626, 78.2303
20131001_052952_622: 61.184002, 168.87715, 77.52
20131001_052952_672: 311.47876, 168.20746, 77.24771
20131001_052952_722: 312.38654, 167.89926, 76.924614
20131001_052952_772: 63.22935, 168.48547, 77.33262
20131001_052952_822: 64.18954, 170.25308, 79.179886
20131001_052952_872: 64.91922, 171.78102, 80.292694
20131001_052952_921: 65.590294, 172.63431, 80.87848
20131001_052952_971: 66.137115, 172.79814, 80.33833
20131001_052953_021: 66.64535, 172.41164, 79.61825
20131001_052953_072: 67.3729, 171.85948, 79.28335
20131001_052953_121: 67.94172, 171.15524, 78.74102
20131001_052953_171: 68.27094, 169.57773, 77.4094
20131001_052953_221: 68.807655, 168.818, 76.70441
20131001_052953_271: 69.68056, 171.2623, 79.4932
20131001_052953_324: 70.13071, 173.0803, 81.58604
20131001_052953_371: 70.45371, 173.33664, 81.52372
20131001_052953_421: 70.9499, 173.51678, 81.719055
20131001_052953_471: 71.24518, 173.15633, 81.25526
20131001_052953_521: 71.6904, 172.88982, 80.750885
20131001_052953_572: 71.88802, 172.12436, 80.64427
20131001_052953_622: 72.26393, 171.61276, 80.54659
20131001_052953_671: 72.53599, 171.02928, 80.193214
20131001_052953_721: 72.52969, 170.1239, 79.60051
20131001_052953_771: 73.272156, 171.83073, 81.25562
20131001_052954_289: 73.46377, 174.16237, 83.37864
20131001_052954_304: 73.67439, 174.51881, 83.50546
20131001_052954_327: 73.98942, 173.82956, 82.73934
20131001_052954_348: 74.24279, 173.01453, 81.56162
20131001_052954_354: 74.14415, 171.6284, 80.459724
20131001_052954_360: 74.33987, 171.18651, 80.62163
20131001_052954_366: 74.537094, 172.14157, 81.7285
20131001_052954_372: 74.88011, 172.01952, 81.32368
20131001_052954_380: 75.10589, 171.7458, 81.080574
20131001_052954_387: 75.79048, 174.16106, 83.2363
20131001_052954_400: 76.029495, 175.30995, 83.54436
20131001_052954_407: 76.331436, 174.67769, 82.58761
20131001_052954_421: 76.337425, 173.43549, 81.8112
20131001_052954_472: 76.15995, 174.5527, 82.55088
20131001_052954_522: 76.182785, 174.00226, 81.86819
20131001_052954_572: 76.119194, 174.65724, 82.19899
20131001_052954_621: 76.05878, 174.50793, 81.44668
20131001_052954_671: 75.99579, 174.98158, 81.37647
20131001_052954_721: 75.7163, 175.22604, 81.172195
20131001_052954_771: 75.735664, 174.907, 80.3729
20131001_052954_822: 75.63769, 174.26862, 79.15633
20131001_052954_871: 75.481415, 174.3777, 79.09785
20131001_052954_921: 75.13143, 174.64922, 78.97218
20131001_052954_971: 74.79333, 175.64725, 79.41567
20131001_052955_021: 74.29647, 176.33766, 79.30831
20131001_052955_072: 73.83799, 176.86136, 79.46983
20131001_052955_123: 73.46793, 177.21811, 79.26977
20131001_052955_171: 72.91742, 177.93138, 79.242
20131001_052955_221: 72.39997, 178.84325, 78.97083
20131001_052955_271: 71.920456, 179.38258, 78.81154
20131001_052955_322: 71.44169, -179.60706, 78.96987
20131001_052955_371: 70.83097, -178.75522, 78.98532
20131001_052955_424: 70.52536, -178.54134, 79.351715
20131001_052955_472: 70.20763, -178.12103, 79.46627
20131001_052955_521: 69.85245, -178.02316, 79.426155
20131001_052955_572: 69.643616, -177.95389, 79.46371
20131001_052955_622: 69.35224, -177.94942, 79.52253
20131001_052955_671: 68.57715, -177.08214, 78.8499
20131001_052955_722: 68.09521, -176.43977, 79.28612
20131001_052955_771: 67.69154, -175.96289, 79.63707
20131001_052955_871: 67.34113, -175.71373, 79.44683
20131001_052955_921: 67.06754, -175.57794, 80.06929
20131001_052955_971: 66.90632, -175.64246, 80.26801
20131001_052956_021: 66.67906, -175.86224, 79.98431
20131001_052956_121: 66.28346, -175.5047, 79.65394
20131001_052956_171: 66.49206, -175.95607, 80.0303
20131001_052956_221: 66.11908, -175.64825, 79.57512
20131001_052956_271: 65.856125, -175.36456, 79.057465
20131001_052956_321: 66.0804, -175.77907, 79.818665
20131001_052956_371: 66.35111, -176.14937, 81.04581
20131001_052956_421: 66.60458, -176.54892, 81.59047
20131001_052956_471: 66.802795, -176.67712, 82.451584
20131001_052956_521: 66.83421, -176.64369, 82.67553
20131001_052956_573: 66.66805, -176.227, 82.99223
20131001_052956_621: 66.75825, -176.00601, 83.848045
20131001_052956_671: 66.777, -176.42116, 83.81707
20131001_052956_721: 66.19235, -175.62079, 83.4904
20131001_052956_771: 65.94652, -174.97345, 83.14606
20131001_052956_821: 66.4518, -175.98253, 84.88821
20131001_052956_873: 67.022835, -176.77031, 85.91955
20131001_052956_921: 66.66419, -176.61623, 85.46517
20131001_052956_971: 66.44843, -176.32484, 85.17988
20131001_052957_072: 66.35134, -175.95174, 85.01745
20131001_052957_121: 65.95102, -175.50719, 84.65169
20131001_052957_171: 65.940605, -175.04176, 84.34125
20131001_052957_221: 66.18994, -175.50073, 84.88215
20131001_052957_271: 66.310486, -175.75256, 84.84474
20131001_052957_321: 66.47097, -175.40823, 84.57003
20131001_052957_371: 66.45679, -175.22723, 84.00428
20131001_052957_421: 66.612526, -175.39009, 83.87098
20131001_052957_472: 66.74227, -175.5153, 83.724594
20131001_052957_521: 66.45834, -175.19264, 82.98086
20131001_052957_572: 66.38936, -175.13774, 82.40702
20131001_052957_621: 65.81391, -174.22105, 81.86787
20131001_052957_671: 66.11429, -174.69203, 82.698975
20131001_052957_721: 66.74865, -175.06575, 83.34066
20131001_052957_771: 65.985466, -174.22119, 83.04829
20131001_052957_821: 65.994, -173.92467, 82.742386
20131001_052957_871: 66.144775, -174.46603, 82.918434
20131001_052957_921: 65.78637, -174.30766, 82.465355
20131001_052957_971: 65.881546, -174.5978, 82.24446
20131001_052958_037: 66.49802, -175.44177, 83.641464
20131001_052958_072: 66.159, -174.71432, 83.192474
20131001_052958_122: 66.258484, -174.69926, 83.05442
20131001_052958_172: 66.243324, -175.10284, 82.74444
20131001_052958_222: 65.85011, -174.67572, 81.74278
20131001_052958_271: 65.857475, -175.19835, 81.44379
20131001_052958_322: 65.872734, -175.39075, 81.06861
20131001_052958_372: 65.96863, -175.9352, 81.381
20131001_052958_421: 65.80783, -175.66632, 81.28344
20131001_052958_472: 65.6424, -175.57214, 80.982216
20131001_052958_521: 65.66687, -176.08827, 81.01546
20131001_052958_572: 65.17238, -175.45184, 80.21433
20131001_052958_625: 65.16681, -175.3548, 80.76885
20131001_052958_671: 65.17576, -175.34892, 80.8506
20131001_052958_722: 65.14312, -175.11102, 80.64908
20131001_052958_771: 64.75061, -174.39853, 80.30742
20131001_052958_822: 64.58526, -174.23224, 80.0465
20131001_052958_871: 64.89852, -175.05539, 80.3491
20131001_052958_922: 65.39211, -175.96689, 80.87936
20131001_052958_972: 65.4939, -176.13593, 81.36172
20131001_052959_021: 65.51314, -176.22134, 81.322044
20131001_052959_072: 65.31471, -175.96402, 81.06956
20131001_052959_121: 64.73552, -175.27548, 80.533936
20131001_052959_171: 64.888466, -175.42538, 81.056496
20131001_052959_222: 65.19129, -175.91597, 81.27601
20131001_052959_271: 65.47866, -176.48965, 81.827446
20131001_052959_570: 65.641495, -176.78818, 81.81177
20131001_052959_577: 65.846565, -177.20671, 82.11064
20131001_052959_585: 66.11152, -177.21626, 82.416885
20131001_052959_606: 66.13507, -176.81815, 82.30148
20131001_052959_621: 66.44638, -176.9977, 82.691055
20131001_052959_629: 66.55999, -176.8258, 82.70347
20131001_052959_671: 66.90454, -177.11862, 82.74694
20131001_052959_721: 66.97265, -177.03986, 82.95646
20131001_052959_771: 67.162674, -176.89343, 82.89466
20131001_052959_834: 67.000465, -176.45573, 83.09788
20131001_052959_871: 66.951096, -176.24733, 83.24825
20131001_052959_921: 67.24382, -176.90741, 83.56222
20131001_052959_971: 67.32021, -177.25175, 83.9179
20131001_053000_022: 67.516884, -177.83026, 84.4217
20131001_053000_072: 67.29055, -177.59563, 84.25368
20131001_053000_121: 66.86108, -177.11122, 84.056526
20131001_053000_171: 66.86805, -177.16284, 84.01334
20131001_053000_221: 66.50591, -176.87997, 83.288734
20131001_053000_271: 66.882545, -177.99263, 83.988884
20131001_053000_322: 67.20229, -178.84013, 83.95042
20131001_053000_372: 67.303, -179.40508, 84.35474
20131001_053000_424: 67.29667, -179.65506, 84.676735
20131001_053000_472: 67.37292, 179.58464, 84.4013
20131001_053000_522: 67.32539, 179.37143, 84.31776
20131001_053000_572: 66.87405, -179.98517, 84.51109
20131001_053000_621: 67.07052, 179.6846, 84.72311
20131001_053000_671: 67.09809, 179.76083, 84.7611
20131001_053000_723: 67.35968, 179.58102, 84.463394
20131001_053000_771: 67.68072, 178.9726, 84.34265
20131001_053000_822: 67.77734, 179.02232, 84.83487
20131001_053000_871: 67.82885, 179.2366, 85.850845
20131001_053000_921: 67.80432, 178.71222, 86.01685
20131001_053000_971: 67.572075, 179.12769, 86.91791
20131001_053001_034: 67.36847, -179.84927, 87.03591
20131001_053001_072: 67.07129, -179.12108, 87.47337
20131001_053001_121: 66.934105, -178.6058, 86.86803
20131001_053001_171: 66.85891, -178.27016, 86.223305
20131001_053001_222: 66.95329, -178.38191, 85.79445
20131001_053001_271: 66.78493, -178.15823, 84.76198
20131001_053001_324: 66.61723, -177.78896, 83.974724
20131001_053001_372: 66.94367, -178.2047, 84.24907
20131001_053001_421: 67.107704, -178.434, 84.38559
20131001_053001_472: 67.25021, -178.6055, 84.309746
20131001_053001_521: 67.38111, -178.93391, 85.0016
20131001_053001_572: 67.45998, -178.96788, 85.22494
20131001_053001_622: 67.45879, -179.79204, 84.70537
20131001_053001_671: 67.74987, 179.79161, 85.09269
20131001_053001_722: 67.59601, -179.74922, 85.376236
20131001_053001_771: 67.760345, -179.41731, 86.25723
20131001_053001_822: 68.11869, -179.45476, 86.42976
20131001_053001_871: 68.06609, -178.93706, 87.18305
20131001_053001_922: 68.525475, 179.85455, 87.00345
20131001_053001_972: 68.28326, -179.6571, 86.584946
20131001_053002_021: 68.17019, -179.31042, 85.622925
20131001_053002_072: 68.193855, -179.48703, 84.96878
20131001_053002_121: 68.20244, -179.82675, 84.337326
20131001_053002_171: 68.15938, 179.74306, 83.97934
20131001_053002_222: 68.162926, 179.37154, 84.016075
20131001_053002_271: 67.965256, 179.41269, 84.21791
20131001_053002_322: 67.81809, 178.98528, 84.30023
20131001_053002_371: 67.90718, 178.58012, 84.04984
20131001_053002_421: 67.95325, 178.1665, 83.84053
20131001_053002_471: 67.82892, 178.27417, 84.26268
20131001_053002_522: 67.81347, 178.07573, 84.11775
20131001_053002_573: 67.78204, 177.78902, 84.13387
20131001_053002_621: 67.66745, 177.56804, 83.625435
20131001_053002_671: 67.36633, 177.77637, 83.69034
20131001_053002_721: 67.15409, 177.806, 83.65052
20131001_053002_771: 67.10796, 177.38019, 83.451485
20131001_053002_835: 66.990906, 177.25603, 83.30537
20131001_053002_871: 67.00662, 177.17114, 83.48196
20131001_053002_921: 67.052666, 177.3352, 83.74678
20131001_053002_971: 67.061714, 177.2002, 83.29312
20131001_053003_022: 67.12826, 177.21931, 83.440926
20131001_053003_075: 67.10759, 177.15477, 83.24527
20131001_053003_121: 67.09639, 177.03647, 83.08016
20131001_053003_171: 67.009125, 177.24818, 83.31113
20131001_053003_221: 66.85868, 177.77689, 83.472916
20131001_053003_271: 67.03442, 177.83719, 83.445175
20131001_053003_324: 67.19345, 178.0689, 83.632355
20131001_053003_373: 67.14314, 178.66815, 83.55825
20131001_053003_421: 67.30208, 178.38812, 83.54958
20131001_053003_471: 67.46367, 178.48103, 84.02631
20131001_053003_521: 67.57565, 178.3815, 83.99206
20131001_053003_576: 67.54245, 178.54749, 84.05013
20131001_053003_621: 67.32469, 179.4662, 83.702194
20131001_053003_676: 67.23304, 179.9923, 83.87563
20131001_053003_722: 67.5317, -179.94943, 83.896
20131001_053003_772: 67.41418, -179.04718, 83.2182
20131001_053003_823: 67.60121, -178.85602, 83.079475
20131001_053003_871: 67.81359, -178.61307, 83.439354
20131001_053003_921: 67.74979, -178.1421, 83.22808
20131001_053003_972: 68.1067, -178.19443, 83.39709
20131001_053004_021: 68.2797, -178.21587, 83.49064
20131001_053004_074: 68.3667, -177.99036, 83.09184
20131001_053004_121: 68.57241, -177.96033, 83.28942
20131001_053004_171: 68.73897, -178.1388, 83.63
20131001_053004_221: 68.78188, -177.79066, 83.39471
20131001_053004_284: 68.736305, -177.51425, 83.101135
20131001_053004_323: 68.932434, -177.6276, 83.35132
20131001_053004_599: 68.92644, -177.38452, 82.88272
20131001_053004_605: 68.614456, -176.97685, 82.702484
20131001_053004_610: 68.7918, -177.3406, 83.10348
20131001_053004_613: 68.75389, -177.28209, 83.05508
20131001_053004_628: 68.933365, -177.46806, 83.38696
20131001_053004_636: 69.15755, -177.53267, 83.24007
20131001_053004_671: 69.02179, -177.35924, 83.14759
20131001_053004_721: 69.51798, -177.56776, 83.37136
20131001_053004_771: 69.64218, -177.3649, 83.242165
20131001_053004_824: 69.62656, -176.87283, 83.008255
20131001_053004_871: 69.730415, -176.87009, 82.92519
20131001_053004_923: 69.64065, -176.9809, 83.027855
20131001_053004_972: 69.67592, -177.42749, 83.41058
20131001_053005_021: 69.38015, -177.50688, 83.3371
20131001_053005_074: 69.38678, -177.92625, 83.41896
20131001_053005_121: 69.01798, -177.74475, 83.43444
20131001_053005_222: 68.71765, -177.39949, 83.36272
20131001_053005_271: 68.55733, -177.27704, 83.16764
20131001_053005_322: 68.601685, -177.23822, 83.01222
20131001_053005_371: 68.237434, -176.50894, 82.15313
20131001_053005_421: 68.479805, -176.78247, 82.49404
20131001_053005_474: 68.276184, -176.49144, 82.10306
20131001_053005_521: 68.14091, -176.37653, 82.38984
20131001_053005_573: 67.78105, -175.955, 81.84672
20131001_053005_622: 67.480865, -175.54442, 81.4286
20131001_053005_671: 67.24651, -175.44888, 81.00062
20131001_053005_722: 67.16389, -175.26514, 80.7476
20131001_053005_772: 67.132965, -175.40779, 80.74131
20131001_053005_821: 67.271774, -175.72804, 80.78426
20131001_053005_871: 67.56843, -176.36638, 81.299706
20131001_053005_921: 67.66147, -176.6835, 81.74377
20131001_053005_972: 67.90403, -176.71387, 82.27788
20131001_053006_022: 67.583244, -176.32845, 81.727844
20131001_053006_074: 67.846985, -176.72836, 82.396416
20131001_053006_122: 68.27031, -177.71446, 83.22402
20131001_053006_171: 68.280334, -177.937, 83.5378
20131001_053006_222: 68.57449, -178.23929, 83.57188
20131001_053006_271: 68.47731, -178.04404, 83.17517
20131001_053006_321: 68.37261, -177.98784, 83.55798
20131001_053006_372: 68.62589, -178.10606, 83.62317
20131001_053006_422: 68.21486, -177.74493, 83.41808
20131001_053006_472: 68.18856, -177.8676, 83.32139
20131001_053006_521: 68.48216, -178.66, 83.84662
20131001_053006_571: 68.45855, -178.7547, 83.80195
20131001_053006_621: 68.40344, -178.65646, 83.5408
20131001_053006_671: 68.2312, -178.51129, 83.56335
20131001_053006_722: 68.40357, -178.74329, 83.96435
20131001_053006_771: 68.40799, -178.51578, 83.803314
20131001_053006_821: 68.46942, -178.3894, 83.99709
20131001_053006_871: 68.53032, -178.06993, 84.52163
20131001_053006_923: 68.25857, -177.5292, 83.44678
20131001_053006_972: 67.81202, -176.93126, 83.08226
20131001_053007_021: 67.588936, -176.83786, 82.873535
20131001_053007_071: 66.96309, -175.95735, 81.57378
20131001_053007_121: 66.458824, -175.35289, 80.71824
20131001_053007_171: 66.11242, -174.96921, 80.93156
20131001_053007_224: 66.21071, -174.742, 80.74271
20131001_053007_274: 66.14317, -174.49864, 80.83416
20131001_053007_321: 66.27168, -174.30432, 81.00741
20131001_053007_371: 66.52864, -174.21373, 81.25013
20131001_053007_421: 66.838165, -174.29025, 80.98577
20131001_053007_472: 67.1634, -173.98602, 80.909096
20131001_053007_523: 67.48696, -173.80931, 80.800674
20131001_053007_572: 67.73301, -173.7837, 80.66916
20131001_053007_621: 67.71188, -173.60797, 80.240295
20131001_053007_671: 67.448265, -173.26268, 79.98074
20131001_053007_721: 67.47852, -173.44548, 79.60544
20131001_053007_771: 67.01417, -172.90674, 78.86583
20131001_053007_834: 66.96832, -172.76132, 78.91076
20131001_053007_872: 66.76663, -172.59753, 79.08542
20131001_053007_921: 66.15129, -171.836, 78.29408
20131001_053007_971: 66.226654, -171.78256, 78.68238
20131001_053008_022: 66.01583, -171.43983, 78.42942
20131001_053008_071: 66.039536, -171.33633, 78.233635
20131001_053008_123: 65.912796, -171.05832, 78.03729
20131001_053008_171: 66.22382, -171.37837, 78.40675
20131001_053008_223: 66.08504, -171.22343, 77.96768
20131001_053008_272: 66.224945, -171.26453, 78.21634
20131001_053008_322: 66.44192, -171.46535, 78.25146
20131001_053008_421: 66.71918, -171.60963, 78.42095
20131001_053008_472: 67.1033, -172.28967, 79.179146
20131001_053008_522: 67.010864, -172.05626, 78.89355
20131001_053008_572: 67.1689, -172.4212, 79.26239
20131001_053008_621: 67.1584, -172.46918, 78.843834
20131001_053008_673: 67.64103, -173.18002, 79.7372
20131001_053008_723: 68.86903, -174.65971, 80.816216
20131001_053008_771: 68.74583, -174.689, 80.67874
20131001_053008_821: 68.49535, -174.38286, 80.694565
20131001_053008_871: 68.76157, -174.53273, 81.238884
20131001_053008_921: 68.653435, -174.40488, 81.04547
20131001_053008_972: 68.59675, -174.1884, 80.82098
20131001_053009_029: 68.4025, -174.15741, 80.74426
20131001_053009_071: 67.782425, -173.28574, 80.49596
20131001_053009_121: 67.896774, -173.65565, 80.28754
20131001_053009_171: 68.34476, -175.05667, 81.29159
20131001_053009_222: 68.62966, -175.45761, 82.14489
20131001_053009_271: 68.73506, -175.59967, 82.26847
20131001_053009_323: 68.955864, -175.99887, 83.060074
20131001_053010_717: 68.9047, -175.84044, 82.90567
20131001_053010_722: 68.42829, -175.44402, 82.81415
20131001_053010_727: 68.85091, -176.28362, 83.547676
20131001_053010_733: 69.40759, -177.25253, 84.47778
20131001_053010_746: 69.94394, -178.01028, 84.838066
20131001_053010_755: 69.84207, -177.52788, 84.74574
20131001_053010_764: 70.04891, -177.78488, 84.91699
20131001_053010_769: 70.28562, -178.57938, 85.12267
20131001_053010_775: 70.2608, -179.01784, 85.0253
20131001_053010_781: 70.22907, -179.25621, 85.0351
20131001_053010_786: 69.88801, -178.81108, 84.861885
20131001_053010_796: 69.82214, -179.13815, 85.17925
20131001_053010_804: 69.93716, -179.77748, 85.477974
20131001_053010_819: 69.97902, 179.98265, 85.23267
20131001_053010_824: 69.791016, -179.95201, 85.00247
20131001_053010_829: 69.66895, -179.6638, 84.993706
20131001_053010_839: 69.92756, -179.99715, 85.00823
20131001_053010_844: 70.33249, 179.3925, 84.5472
20131001_053010_848: 70.49622, 179.02504, 84.396706
20131001_053010_857: 70.70012, 178.76434, 84.019
20131001_053010_871: 70.94283, 178.20416, 83.85468
20131001_053010_877: 71.08745, 178.19557, 83.77729
20131001_053010_881: 71.20085, 178.13263, 83.41169
20131001_053010_887: 71.40949, 178.06769, 83.23711
20131001_053010_894: 71.34488, 178.05266, 82.86876
20131001_053010_900: 71.474205, 177.79305, 82.96224
20131001_053010_905: 71.79083, 177.56468, 82.88095
20131001_053010_917: 72.184105, 177.5522, 82.91565
20131001_053010_922: 72.46366, 177.69376, 82.97415
20131001_053010_926: 72.80906, 177.64882, 83.19479
20131001_053010_932: 73.03126, 177.48541, 82.97416
20131001_053010_972: 73.09387, 176.99069, 82.92643
20131001_053011_022: 73.12657, 176.31528, 82.70977
20131001_053011_071: 73.09147, 176.10194, 82.417816
20131001_053011_121: 72.96857, 176.11736, 82.35067
20131001_053011_171: 72.79898, 175.83513, 82.36887
20131001_053011_222: 72.726204, 175.49496, 82.45425
20131001_053011_271: 72.42396, 175.09378, 82.52051
20131001_053011_321: 72.39179, 174.48186, 82.25473
20131001_053011_372: 72.22984, 174.07413, 81.932625
20131001_053011_422: 72.08819, 174.22052, 82.29983
20131001_053011_471: 71.95711, 173.9579, 81.934265
20131001_053011_521: 71.87484, 173.60144, 81.744606
20131001_053011_585: 71.79403, 173.58284, 81.70729
20131001_053011_622: 71.72853, 173.36348, 81.70578
20131001_053011_671: 71.74622, 173.19786, 81.48155
20131001_053011_722: 71.85448, 172.8096, 81.3287
20131001_053011_771: 71.85066, 172.12605, 80.7535
20131001_053011_821: 71.747185, 171.95107, 80.6683
20131001_053011_884: 71.73504, 172.13426, 80.92501
20131001_053011_921: 71.66637, 172.58047, 81.200035
20131001_053011_972: 71.64563, 172.53142, 81.12501
20131001_053012_021: 71.84524, 172.76103, 81.168564
20131001_053012_071: 71.97777, 172.92168, 81.2842
20131001_053012_122: 72.18092, 173.31055, 81.61035
20131001_053012_173: 72.33807, 173.87778, 82.03952
20131001_053012_222: 72.53394, 174.21526, 82.10265
20131001_053012_271: 72.757225, 174.13759, 81.969666
20131001_053012_321: 72.944, 174.2588, 82.25722
20131001_053012_371: 73.027885, 174.73784, 82.57636
20131001_053012_421: 73.04283, 174.91629, 82.58901
20131001_053012_473: 73.159, 175.5363, 82.77363
20131001_053012_521: 73.25276, 175.49126, 82.594864
20131001_053012_572: 73.47966, 175.46742, 82.94309
20131001_053012_622: 73.681274, 175.25294, 82.37572
20131001_053012_671: 73.65856, 175.52979, 82.74877
20131001_053012_723: 73.588776, 176.05818, 82.80864
20131001_053012_773: 73.21315, 176.70789, 82.8952
20131001_053012_821: 72.85523, 177.15173, 83.3015
20131001_053012_871: 72.77834, 177.15955, 83.30274
20131001_053012_921: 72.42972, 178.20592, 83.11858
20131001_053012_972: 72.18683, 178.48451, 83.21174
20131001_053013_022: 72.13779, 178.28377, 82.93213
20131001_053013_072: 71.66973, 178.82709, 83.34585
20131001_053013_122: 71.41297, 178.91805, 83.5486
20131001_053013_172: 71.1639, 179.08746, 83.38509
20131001_053013_224: 71.01287, 179.12796, 83.47296
20131001_053013_273: 70.88672, 179.25476, 83.55822
20131001_053013_334: 70.78129, 179.83202, 83.47546
20131001_053013_372: 70.86849, 179.80188, 83.837296
20131001_053013_422: 71.07141, 179.24216, 83.80368
20131001_053013_474: 71.09308, 179.04454, 83.374695
20131001_053013_522: 70.76738, 179.44946, 82.84865
20131001_053013_572: 70.60957, 179.3619, 82.35049
20131001_053013_625: 70.56797, 179.1465, 82.097015
20131001_053013_672: 70.39887, 179.0289, 82.10567
20131001_053013_722: 70.114456, 179.47249, 81.914825
20131001_053013_771: 69.80542, 179.9917, 81.27604
20131001_053013_821: 69.60715, 179.70743, 81.92254
20131001_053013_871: 69.516685, 179.53549, 81.86947
20131001_053013_924: 69.21488, 179.77887, 82.33048
20131001_053013_974: 68.82467, -179.9034, 82.3029
20131001_053014_021: 68.661606, -179.96356, 82.14897
20131001_053014_071: 68.39377, -179.34843, 82.47941
20131001_053014_122: 68.582504, -179.14221, 81.550285
20131001_053014_172: 68.51994, -179.21022, 82.08657
20131001_053014_227: 68.38895, -178.61037, 81.919785
20131001_053014_272: 68.17534, -178.228, 81.36084
20131001_053014_322: 67.71752, -177.5017, 81.464165
20131001_053014_372: 67.78756, -177.52225, 81.60631
20131001_053014_422: 67.82645, -177.65997, 81.25801
20131001_053014_472: 67.3947, -176.86751, 80.74282
20131001_053014_537: 66.83979, -175.77661, 80.53935
20131001_053014_583: 67.06042, -176.2501, 80.26011
20131001_053014_622: 67.144356, -176.49649, 81.06977
20131001_053014_672: 67.803566, -177.30069, 81.325
20131001_053014_722: 67.197296, -176.46558, 81.28984
20131001_053014_771: 66.86578, -175.6045, 80.5419
20131001_053014_825: 67.1558, -176.19165, 80.839066
20131001_053014_871: 67.425285, -176.43712, 81.1716
20131001_053014_921: 67.796036, -177.08337, 81.7989
20131001_053014_972: 68.07541, -177.50124, 82.452126
20131001_053015_021: 68.13279, -177.28116, 82.055275
20131001_053015_071: 67.765305, -176.71286, 82.77541
20131001_053015_122: 67.85617, -176.64088, 82.38974
20131001_053015_171: 67.468315, -176.62073, 82.23789
20131001_053015_222: 67.38636, -176.8684, 82.36507
20131001_053015_271: 67.3507, -176.94135, 82.12125
20131001_053015_321: 67.01578, -176.63226, 81.89272
20131001_053015_373: 66.95945, -176.44977, 81.85831
20131001_053015_421: 67.14687, -176.41362, 81.62822
20131001_053015_472: 66.72993, -176.00647, 81.54603
20131001_053015_522: 66.64303, -175.82271, 81.330185
20131001_053015_572: 66.65165, -175.85301, 81.26306
20131001_053015_706: 66.37597, -175.25256, 80.80701
20131001_053015_723: 66.54478, -175.29486, 80.78178
20131001_053015_730: 66.61864, -175.10707, 80.84632
20131001_053015_771: 67.057526, -175.35631, 81.05543
20131001_053015_821: 67.456024, -175.49893, 81.20094
20131001_053015_871: 67.9476, -175.66736, 81.22582
20131001_053015_921: 68.184326, -175.56355, 80.97497
20131001_053015_972: 68.26135, -175.45247, 80.847275
20131001_053016_022: 68.37765, -175.38632, 80.790146
20131001_053016_071: 68.33519, -175.52644, 81.04484
20131001_053016_122: 68.44157, -175.84488, 81.3981
20131001_053016_171: 68.47121, -176.02217, 81.51033
20131001_053016_222: 68.282135, -175.5925, 81.143875
20131001_053016_271: 68.24707, -175.33626, 80.962296
20131001_053016_322: 68.27046, -174.94429, 80.70824
20131001_053016_371: 68.61524, -175.04305, 80.8119
20131001_053016_421: 68.49653, -174.754, 80.520454
20131001_053016_521: 68.45416, -174.4338, 80.41284
20131001_053016_571: 68.566536, -174.60258, 80.54778
20131001_053016_621: 68.73491, -174.60814, 80.90087
20131001_053016_671: 69.19885, -175.17084, 81.424225
20131001_053016_723: 69.62672, -175.49179, 82.334984
20131001_053016_771: 70.10226, -175.9699, 83.02425
20131001_053016_821: 70.28402, -176.22371, 83.43225
20131001_053016_871: 70.51448, -176.55211, 83.70633
20131001_053016_933: 70.6751, -177.07887, 84.51476
20131001_053016_973: 70.989624, -177.64172, 85.04118
20131001_053017_021: 70.850555, -177.47327, 84.869446
20131001_053017_071: 70.753105, -177.32687, 84.824615
20131001_053017_122: 70.883156, -177.78543, 85.1805
20131001_053017_172: 71.10031, -178.3162, 85.660736
20131001_053017_222: 71.0992, -178.37292, 85.618286
20131001_053017_272: 71.03789, -178.44188, 85.9493
20131001_053017_322: 71.0323, -178.5564, 86.25666
20131001_053017_372: 71.1575, -178.72876, 86.0983
20131001_053017_422: 70.98116, -178.32574, 85.80319
20131001_053017_472: 71.15875, -178.21237, 85.62129
20131001_053017_524: 71.431335, -178.34381, 85.50407
20131001_053017_576: 71.78366, -178.4946, 85.40911
20131001_053017_622: 72.168884, -178.67726, 85.35488
20131001_053017_672: 72.54692, -178.96912, 85.49951
20131001_053017_723: 73.04505, -179.41766, 85.39766
20131001_053017_771: 73.28129, -179.4024, 85.46383
20131001_053017_824: 73.48841, -179.24724, 85.483795
20131001_053017_872: 73.668076, -179.47998, 85.38405
20131001_053017_921: 73.645386, -179.44437, 85.57244
20131001_053017_973: 73.63796, -179.5869, 85.50913
20131001_053018_021: 73.60384, 179.98398, 85.647224
20131001_053018_071: 73.51064, -179.65353, 85.5636
20131001_053018_122: 73.61694, 179.58498, 85.44612
20131001_053018_171: 73.551414, 179.24919, 85.44112
20131001_053018_223: 73.57903, 179.7678, 85.35097
20131001_053018_271: 73.30164, -179.83322, 84.89691
20131001_053018_321: 73.362015, -179.97527, 84.87882
20131001_053018_374: 73.39899, 179.66139, 85.04019
20131001_053018_421: 73.263535, 179.64981, 84.72591
20131001_053018_474: 73.210434, 179.31549, 84.89249
20131001_053018_521: 73.38376, 178.72798, 84.676414
20131001_053018_573: 73.32627, 179.223, 84.73464
20131001_053018_621: 73.477776, 179.18643, 84.85597
20131001_053018_672: 73.72582, 178.5122, 84.65941
20131001_053018_724: 73.631454, 179.32808, 84.91078
20131001_053018_771: 73.80613, 179.00272, 85.045235
20131001_053018_821: 73.5456, 179.64853, 84.787
20131001_053018_872: 73.5861, 179.32039, 84.9495
20131001_053018_921: 73.39568, 179.48883, 84.869835
20131001_053018_974: 73.59754, 178.6865, 84.863266
20131001_053019_021: 73.45492, 178.8773, 84.64604
20131001_053019_071: 73.667946, 178.5336, 84.66747
20131001_053019_122: 73.57961, 179.07469, 84.56229
20131001_053019_171: 73.6198, 178.76646, 84.58876
20131001_053019_235: 73.51319, 179.17317, 84.89913
20131001_053019_271: 73.09544, 179.19165, 84.42053
20131001_053019_321: 73.1324, 178.86537, 84.8659
20131001_053019_373: 73.04639, 179.83075, 84.6993
20131001_053019_422: 73.09587, 179.45943, 84.0375
20131001_053019_474: 73.24557, 179.64606, 84.69825
20131001_053019_523: 73.06407, -179.55714, 84.29852
20131001_053019_576: 73.12157, 179.44324, 83.87204
20131001_053021_217: 73.414894, 178.98694, 84.36226
20131001_053021_226: 73.08283, -179.91634, 83.886086
20131001_053021_238: 72.90646, -179.80681, 83.07783
20131001_053021_246: 72.97583, 179.77115, 82.48529
20131001_053021_256: 73.25201, 179.51918, 82.54149
20131001_053021_263: 72.8939, -179.63252, 81.840256
20131001_053021_279: 72.851875, -179.29121, 81.22283
20131001_053021_283: 73.20651, -179.81583, 80.65206
20131001_053021_288: 73.2234, -179.90178, 80.34502
20131001_053021_293: 73.29517, -179.71234, 80.22725
20131001_053021_296: 73.43751, 179.76666, 79.81708
20131001_053021_311: 73.52494, 179.54211, 80.31453
20131001_053021_315: 73.13499, 179.85925, 79.968834
20131001_053021_325: 73.092186, 179.66475, 79.54885
20131001_053021_329: 73.14056, 178.96599, 79.117966
20131001_053021_333: 73.21867, 178.91115, 78.44008
20131001_053021_337: 72.739494, 179.64679, 78.174866
20131001_053021_343: 72.96859, 178.91641, 77.98479
20131001_053021_359: 72.471725, 179.87415, 78.30394
20131001_053021_368: 72.22595, -179.6612, 78.374405
20131001_053021_379: 72.54302, 179.28673, 78.32351
20131001_053021_385: 72.931984, 178.58293, 78.83843
20131001_053021_389: 72.29321, -179.74062, 78.70619
20131001_053021_395: 72.87406, 179.16049, 78.603355
20131001_053021_399: 73.32457, 178.32385, 78.47205
20131001_053021_417: 73.71049, 178.03046, 78.85396
20131001_053021_423: 74.32446, 176.21191, 78.01684
20131001_053021_435: 74.79896, 174.87474, 77.52805
20131001_053021_440: 74.915146, 175.21674, 77.96927
20131001_053021_445: 74.89274, 177.07286, 78.244385
20131001_053021_450: 75.28505, 176.95204, 78.22711
20131001_053021_455: 75.72653, 175.76762, 77.4358
20131001_053021_462: 76.19682, 174.49818, 76.61853
20131001_053021_469: 76.04532, 173.96138, 77.49858
20131001_053021_485: 76.32584, 174.46101, 78.263916
20131001_053021_490: 76.3396, 174.08806, 78.51689
20131001_053021_496: 76.63664, 173.11139, 77.82443
20131001_053021_501: 76.696976, 171.92754, 77.10847
20131001_053021_521: 76.6816, 170.64082, 76.07557
20131001_053021_583: 76.27049, 169.3261, 75.28858
20131001_053021_622: 308.8467, 168.42204, 74.237625
20131001_053021_671: 313.31647, 167.06929, 73.359665
20131001_053021_721: 316.61597, 166.05925, 72.66802
20131001_053021_771: 320.7994, 165.38152, 72.681946
20131001_053021_821: 322.40833, 164.53593, 71.89115
20131001_053021_875: 325.03265, 164.15793, 71.87286
20131001_053021_921: 324.66687, 163.95267, 71.513435
20131001_053021_972: 320.98404, 165.41837, 72.592064
20131001_053022_022: 319.1796, 165.97757, 72.86173
20131001_053022_071: 317.00607, 166.75273, 73.352776
20131001_053022_122: 317.34265, 166.73508, 73.35388
20131001_053022_174: 319.40646, 166.33984, 73.27654
20131001_053022_221: 320.48572, 166.10992, 73.147736
20131001_053022_271: 318.0315, 167.32013, 74.21554
20131001_053022_321: 316.72174, 167.57135, 74.24214
20131001_053022_372: 318.44537, 167.28537, 74.214806
20131001_053022_421: 317.94363, 167.26501, 74.03656
20131001_053022_474: 317.33, 167.39552, 74.03084
20131001_053022_522: 319.75037, 166.80919, 73.71469
20131001_053022_572: 318.23834, 167.37537, 74.07167
20131001_053022_622: 318.45676, 167.21008, 73.849846
20131001_053022_671: 317.3981, 167.64064, 74.146385
20131001_053022_721: 317.31158, 167.67696, 74.105415
20131001_053022_772: 317.55453, 167.45032, 73.76147
20131001_053022_821: 317.30756, 167.37314, 73.540596
20131001_053022_872: 315.92532, 168.10434, 74.15846
20131001_053022_921: 317.1378, 167.76343, 73.91642
20131001_053022_972: 317.62915, 167.65399, 73.84595
20131001_053023_021: 315.36844, 168.39056, 74.2516
20131001_053023_073: 316.47183, 168.24974, 74.29986
20131001_053023_122: 317.08667, 168.04965, 74.13018
20131001_053023_171: 78.93058, 168.9382, 74.45882
20131001_053023_221: 79.65854, 169.68372, 74.883385
20131001_053023_272: 80.67485, 170.72757, 75.545906
20131001_053023_321: 80.617516, 170.68999, 75.67044
20131001_053023_373: 79.935455, 169.97607, 75.27369
20131001_053023_421: 79.87708, 169.9178, 75.467476
20131001_053023_471: 78.72521, 168.73384, 74.69173
20131001_053023_521: 78.53366, 168.53128, 74.47676
20131001_053023_572: 316.64188, 168.38669, 74.422905
20131001_053023_622: 318.26294, 167.81891, 73.963394
20131001_053023_671: 319.27908, 167.69138, 73.95892
20131001_053023_721: 318.00336, 168.25334, 74.3597
20131001_053023_771: 78.79286, 168.75311, 74.881805
20131001_053023_821: 79.505936, 169.46562, 74.99936
20131001_053023_872: 79.99879, 169.95845, 75.194145
20131001_053023_923: 80.266, 170.22533, 75.23889
20131001_053023_971: 79.83744, 169.79817, 74.83031
20131001_053024_022: 79.907295, 169.86801, 74.890144
20131001_053024_071: 80.06768, 170.03015, 75.17014
20131001_053024_122: 80.03003, 169.99548, 75.07111
20131001_053024_171: 79.988754, 169.95503, 75.24667
20131001_053024_222: 80.3785, 170.34164, 75.591774
20131001_053024_271: 80.221, 170.1822, 75.646126
20131001_053024_321: 80.75359, 170.71262, 75.96275
20131001_053024_372: 80.28778, 170.24712, 75.89822
20131001_053024_421: 79.88355, 169.84348, 75.634224
20131001_053024_471: 79.71321, 169.67354, 75.56274
20131001_053024_534: 78.732895, 168.70117, 74.863014
20131001_053025_587: 319.59808, 168.14894, 74.45026
20131001_053026_814: 321.1384, 167.66016, 74.114975
20131001_053026_818: 321.18112, 167.5335, 73.92515
20131001_053026_824: 321.1375, 167.29095, 73.58057
20131001_053026_830: 320.40198, 167.51633, 73.66449
20131001_053026_838: 319.7165, 167.70274, 73.7138
20131001_053026_848: 320.66318, 167.24661, 73.28278
20131001_053026_864: 321.42712, 167.5159, 73.770035
20131001_053026_870: 319.86633, 168.18303, 74.272545
20131001_053026_877: 320.21152, 167.8293, 73.83011
20131001_053026_884: 321.8755, 167.50858, 73.77605
20131001_053026_890: 322.20917, 167.15381, 73.36573
20131001_053026_899: 322.1593, 167.32825, 73.56474
20131001_053026_906: 319.43726, 168.02887, 73.835686
20131001_053026_921: 317.3566, 168.3227, 73.665245
20131001_053026_927: 78.96223, 169.18506, 74.06328
20131001_053026_933: 79.40099, 169.64459, 74.42242
20131001_053026_939: 80.133316, 170.39047, 74.70332
20131001_053026_944: 79.85047, 170.13293, 74.58613
20131001_053026_963: 80.19691, 170.48425, 74.48498
20131001_053026_980: 80.6257, 170.9219, 75.05642
20131001_053026_991: 81.743095, 171.99158, 75.41347
20131001_053026_997: 82.778625, 172.9532, 75.80592
20131001_053027_003: 83.22563, 173.37503, 76.04012
20131001_053027_009: 83.51627, 173.62764, 76.43135
20131001_053027_018: 83.82938, 173.91376, 76.29673
20131001_053027_025: 84.62326, 174.6642, 76.36535
20131001_053027_041: 85.04756, 175.0503, 76.2497
20131001_053027_046: 85.22248, 175.21704, 76.38442
20131001_053027_052: 85.71937, 175.69347, 76.85021
20131001_053027_058: 86.01183, 175.97302, 77.41931
20131001_053027_063: 86.72112, 176.67728, 78.08728
20131001_053027_072: 87.08525, 177.0492, 78.444664
20131001_053027_078: 87.64463, 177.66853, 78.89432
20131001_053027_088: 87.97764, 178.08136, 78.99875
20131001_053027_093: 87.932655, 178.17755, 78.66006
20131001_053027_096: 87.92839, 178.24564, 78.1801
20131001_053027_100: 88.04309, 178.63649, 77.901245
20131001_053027_105: 88.105095, 178.90088, 78.545525
20131001_053027_110: 88.04995, 178.94214, 79.49856
20131001_053027_125: 88.14343, 179.35399, 80.545074
20131001_053027_129: 87.97906, -179.93268, 81.07222
20131001_053027_133: 87.972336, -179.77307, 81.52726
20131001_053027_137: 87.89735, -179.63837, 81.489365
20131001_053027_140: 87.90191, -179.7497, 81.23179
20131001_053027_146: 87.78458, -179.59814, 80.93449
20131001_053027_156: 87.68787, -179.40826, 81.86266
20131001_053027_159: 87.83895, -179.98676, 82.04663
20131001_053027_162: 87.72911, -179.91788, 81.949875
20131001_053027_166: 87.655266, -179.83032, 81.479996
20131001_053027_169: 87.55507, -179.57733, 82.38454
20131001_053027_174: 87.53174, -179.5109, 81.94171
20131001_053027_221: 87.360855, -179.05684, 81.5829
20131001_053027_321: 87.41236, -179.0909, 81.87031
20131001_053027_371: 87.49092, -179.13556, 81.08878
20131001_053027_421: 87.58539, -179.16652, 80.33075
20131001_053027_471: 87.51388, -179.06609, 79.664986
20131001_053027_521: 87.49814, -179.09549, 79.11322
20131001_053027_572: 87.42639, -179.06122, 78.85852
20131001_053027_631: 87.52178, -179.32117, 78.55265
20131001_053027_671: 87.619225, -179.6085, 79.32689
20131001_053027_721: 87.51666, -179.16577, 79.52312
20131001_053027_821: 87.325905, -178.99643, 79.96011
20131001_053027_871: 87.478065, -179.2162, 80.52837
20131001_053027_921: 87.499214, -179.38036, 79.71675
20131001_053027_971: 87.51791, -179.42363, 79.28024
20131001_053028_021: 87.49337, -179.54173, 79.07178
20131001_053028_073: 87.52637, 179.81104, 79.948784
20131001_053028_122: 87.80328, 179.67653, 79.7195
20131001_053028_172: 87.12665, -178.9826, 78.56262
20131001_053028_222: 87.39294, 178.83096, 78.993454
20131001_053028_272: 87.190445, 178.0793, 78.02845
20131001_053028_322: 87.02438, 177.79346, 78.05323
20131001_053028_374: 87.19491, 178.46974, 78.690704
20131001_053028_421: 86.841125, 177.56462, 77.44097
20131001_053028_471: 87.08373, 178.38293, 78.77436
20131001_053028_522: 87.50553, 179.54004, 78.72612
20131001_053028_572: 87.45081, 178.94836, 78.02525
20131001_053028_622: 87.41192, 178.95976, 78.754395
20131001_053028_672: 87.080956, 177.70177, 78.52711
20131001_053028_721: 87.11726, 177.77553, 78.35352
20131001_053028_772: 87.04123, 177.65704, 78.335464
20131001_053028_821: 87.316414, 178.0967, 78.15296
20131001_053028_872: 87.317635, 178.13773, 78.25084
20131001_053028_921: 87.37498, 178.13075, 78.33083
20131001_053028_971: 87.24316, 177.90712, 78.090454
20131001_053029_021: 87.10418, 177.60046, 78.13846
20131001_053029_071: 87.20517, 177.5647, 78.091736
20131001_053029_122: 86.96465, 177.19121, 77.90414
20131001_053029_171: 86.6657, 176.75354, 77.921486
20131001_053029_224: 86.11586, 176.1154, 77.85736
20131001_053029_271: 86.01227, 175.98598, 77.955734
20131001_053029_321: 86.08827, 176.05225, 77.954575
20131001_053029_372: 85.93272, 175.89017, 77.81868
20131001_053029_421: 86.11008, 176.0665, 77.915474
20131001_053029_471: 85.630104, 175.59445, 77.80273
20131001_053029_524: 85.27814, 175.25769, 77.99413
20131001_053029_582: 84.85159, 174.85663, 77.839035
20131001_053029_622: 83.93862, 174.00238, 77.59258
20131001_053029_671: 83.73294, 173.83156, 77.73908
20131001_053029_721: 83.54046, 173.69684, 77.629364
20131001_053029_771: 83.297516, 173.50536, 77.4443
20131001_053029_822: 83.410995, 173.66473, 77.77655
20131001_053029_872: 83.19192, 173.51225, 77.75269
20131001_053029_921: 83.20887, 173.6056, 77.986305
20131001_053029_971: 83.67297, 174.10815, 78.059326
20131001_053030_022: 83.54677, 174.04485, 78.2131
20131001_053030_071: 83.49347, 174.07025, 78.19276
20131001_053030_122: 83.15341, 173.78046, 78.20295
20131001_053030_171: 82.79134, 173.47289, 78.2961
20131001_053030_221: 82.50691, 173.25212, 77.98125
20131001_053030_272: 82.091354, 172.89098, 78.05418
20131001_053030_321: 82.43722, 173.28848, 78.3642
20131001_053030_374: 82.42257, 173.32407, 78.37743
20131001_053030_421: 82.582146, 173.54788, 78.459656
20131001_053030_471: 82.68592, 173.67897, 78.654655
20131001_053030_521: 82.21298, 173.24265, 78.46735
20131001_053030_572: 81.97605, 173.0385, 78.68181
20131001_053030_622: 81.73619, 172.83264, 78.70012
20131001_053030_672: 81.41302, 172.54485, 78.71342
20131001_053030_721: 81.777, 172.94415, 78.837326
20131001_053030_771: 81.49788, 172.7873, 78.43406
20131001_053030_821: 81.31571, 172.65, 78.16387
20131001_053030_872: 81.25091, 172.65245, 77.92143
20131001_053030_921: 80.65846, 172.05179, 77.981606
20131001_053030_972: 80.54434, 172.05289, 78.166306
20131001_053031_049: 80.01118, 171.50563, 77.94064
20131001_053031_071: 79.92611, 171.45052, 78.204155
20131001_053031_122: 80.02912, 171.72069, 78.28185
20131001_053031_171: 80.43123, 172.26375, 78.250305
20131001_053031_221: 80.348495, 172.2476, 77.7341
20131001_053031_284: 80.029396, 172.09021, 77.79323
20131001_053031_321: 79.29928, 171.38364, 76.799835
20131001_053031_373: 78.93912, 171.15439, 76.746544
20131001_053031_421: 78.984634, 171.30243, 77.097046
20131001_053031_471: 78.7195, 171.22578, 77.09301
20131001_053031_523: 78.62307, 171.17422, 77.34876
20131001_053031_575: 78.92663, 171.68097, 77.84962
20131001_053031_623: 79.6281, 172.60194, 78.29304
20131001_053031_671: 79.70666, 172.73306, 78.81744
20131001_053031_721: 79.876945, 172.96548, 78.72392
20131001_053031_771: 80.14015, 173.38231, 78.47285
20131001_053031_821: 80.17296, 173.43462, 78.13257
20131001_053031_873: 80.14655, 173.47136, 78.04754
20131001_053031_921: 79.767296, 173.04842, 77.45362
20131001_053031_971: 79.99404, 173.32649, 77.47647
20131001_053032_021: 80.42482, 173.79193, 77.687004
20131001_053032_071: 79.93098, 173.2494, 77.32093
20131001_053032_128: 79.5886, 172.72978, 77.261665
20131001_053032_171: 79.688065, 172.9115, 76.966255
20131001_053032_221: 79.525635, 172.73712, 76.6867
20131001_053032_271: 79.48045, 172.7896, 76.60453
20131001_053032_321: 79.82468, 173.21667, 76.69607
20131001_053032_374: 80.34479, 173.96317, 77.045166
20131001_053032_434: 80.76453, 174.4425, 77.296745
20131001_053032_472: 80.48134, 174.1829, 77.0075
20131001_053032_522: 80.33647, 174.02985, 77.07977
20131001_053032_572: 80.237724, 173.97969, 77.12414
20131001_053032_623: 80.36578, 174.17699, 77.27869
20131001_053032_671: 80.43045, 174.33693, 77.26073
20131001_053032_724: 80.70646, 174.71213, 77.52368
20131001_053032_772: 80.98016, 175.12492, 77.61005
20131001_053032_821: 80.96789, 175.09659, 77.66834
20131001_053032_874: 80.83442, 174.96796, 77.61833
20131001_053032_922: 80.89176, 175.01483, 77.93656
20131001_053032_971: 80.734604, 174.80023, 77.89578
20131001_053033_024: 80.49895, 174.64873, 77.359566
20131001_053033_071: 80.650566, 174.80438, 77.78079
20131001_053033_124: 80.65132, 174.89319, 78.04802
20131001_053033_172: 80.769104, 175.03809, 78.59889
20131001_053033_221: 80.95944, 175.37807, 78.87066
20131001_053033_272: 80.55321, 174.87451, 78.5866
20131001_053033_324: 80.47747, 174.7701, 78.674866
20131001_053033_375: 80.661446, 175.13574, 78.97273
20131001_053033_422: 80.974434, 175.66681, 78.83133
20131001_053033_471: 81.12613, 175.91899, 79.493774
20131001_053033_522: 81.177734, 176.31935, 79.59811
20131001_053033_572: 81.5782, 176.8264, 80.20905
20131001_053033_638: 81.254974, 176.32898, 80.12239
20131001_053033_671: 81.16134, 176.2536, 80.31169
20131001_053033_721: 81.4387, 176.78076, 80.78207
20131001_053033_772: 81.58954, 177.01091, 81.02715
20131001_053033_821: 81.256676, 176.65279, 81.231384
20131001_053033_872: 81.09597, 176.60435, 81.04076
20131001_053033_921: 80.8894, 176.46626, 81.23879
20131001_053033_971: 80.84414, 176.5131, 81.47454
20131001_053034_022: 80.78842, 176.64297, 81.47646
20131001_053034_071: 80.613846, 176.43532, 81.47167
20131001_053034_121: 80.35321, 176.03868, 80.96998
20131001_053034_173: 80.26238, 176.02245, 81.14795
20131001_053034_221: 80.439415, 176.4383, 81.38096
20131001_053034_272: 80.15738, 176.09837, 81.572235
20131001_053034_321: 79.778046, 175.7808, 80.99263
20131001_053034_371: 79.31979, 175.15253, 80.95184
20131001_053034_421: 79.16698, 175.18863, 81.00228
20131001_053034_473: 78.9674, 175.08655, 80.755104
20131001_053034_522: 78.95538, 175.27586, 80.67573
20131001_053035_066: 78.95718, 175.42644, 80.86107
20131001_053035_082: 79.07835, 175.69989, 80.90919
20131001_053035_088: 78.993034, 175.5979, 80.726265
20131001_053035_093: 78.35132, 174.78996, 79.8115
20131001_053035_114: 78.061066, 174.48087, 79.4228
20131001_053035_121: 77.27769, 173.45831, 78.65817
20131001_053035_138: 76.57236, 172.6845, 78.12061
20131001_053035_144: 76.733315, 173.03595, 78.15836
20131001_053035_150: 76.531456, 172.86676, 78.04989
20131001_053035_156: 75.973305, 172.30098, 77.55357
20131001_053035_162: 75.948326, 172.35959, 77.230644
20131001_053035_171: 75.822296, 172.2757, 77.505455
20131001_053035_177: 75.69072, 172.28809, 77.117775
20131001_053035_221: 74.97776, 171.41222, 76.66434
20131001_053035_273: 74.36689, 170.76498, 76.395874
20131001_053035_321: 74.0981, 170.72148, 76.5393
20131001_053035_371: 74.3614, 171.25958, 76.85893
20131001_053035_421: 74.14605, 171.20584, 76.65294
20131001_053035_471: 73.569046, 170.77394, 76.485695
20131001_053035_522: 72.68259, 169.71103, 75.437325
20131001_053035_572: 71.88957, 169.00983, 74.501
20131001_053035_621: 71.48718, 168.56412, 74.32762
20131001_053035_671: 332.05548, 167.92088, 73.68361
20131001_053035_722: 332.26828, 167.95447, 73.791855
20131001_053035_772: 71.46314, 168.79465, 74.662254
20131001_053035_821: 71.69523, 169.14667, 74.94744
20131001_053035_871: 71.82414, 169.36386, 75.121895
20131001_053035_921: 71.93467, 169.62541, 75.11977
20131001_053035_971: 71.8236, 169.52263, 75.17279
20131001_053036_023: 71.665535, 169.45343, 75.20408
20131001_053036_071: 71.889854, 169.8323, 75.34098
20131001_053036_121: 71.85121, 169.99295, 75.40179
20131001_053036_171: 72.05537, 170.38968, 75.936424
20131001_053036_221: 72.02228, 170.63297, 76.26293
20131001_053036_271: 71.91819, 170.71321, 76.59104
20131001_053036_323: 71.42658, 170.47026, 76.24139
20131001_053036_371: 71.128426, 170.29709, 76.20446
20131001_053036_422: 71.35295, 170.98076, 76.66069
20131001_053036_471: 71.03801, 170.73907, 76.45697
20131001_053036_522: 71.01987, 170.8795, 76.64981
20131001_053036_572: 70.74483, 170.38374, 76.23826
20131001_053036_622: 70.90606, 170.60815, 76.594406
20131001_053036_672: 71.989975, 172.02718, 77.69052
20131001_053036_721: 72.42776, 172.5134, 78.03193
20131001_053036_772: 72.74124, 172.74873, 78.369934
20131001_053036_821: 73.11875, 173.10893, 78.82408
20131001_053036_871: 73.33528, 173.29405, 79.03417
20131001_053036_934: 73.84376, 173.69806, 79.10037
20131001_053036_971: 74.39203, 174.4043, 79.43471
20131001_053037_022: 74.72194, 174.73895, 79.23004
20131001_053037_071: 75.13753, 175.10336, 79.48048
20131001_053037_121: 75.31708, 175.11621, 79.39853
20131001_053037_171: 76.06544, 176.2069, 80.12832
20131001_053037_221: 76.90165, 177.66074, 80.70631
20131001_053037_272: 77.32084, 177.75288, 80.77704
20131001_053037_321: 77.5463, 177.75781, 81.20503
20131001_053037_371: 77.97612, 178.76834, 80.93262
20131001_053037_421: 78.53662, 179.1099, 80.81835
20131001_053037_471: 78.80364, 179.80717, 81.2525
20131001_053037_622: 79.25372, -179.88214, 80.92051
20131001_053037_672: 79.48381, -179.47946, 81.3291
20131001_053037_721: 79.61072, -179.33932, 81.55725
20131001_053037_772: 79.85312, -178.71037, 81.471504
20131001_053037_821: 80.00927, -178.56615, 81.427185
20131001_053037_871: 80.093735, -178.8087, 81.1095
20131001_053037_921: 80.27075, -178.78113, 81.4279
20131001_053037_971: 80.33061, -178.20203, 81.74844
20131001_053038_022: 80.45293, -177.77849, 81.789635
20131001_053038_071: 80.39682, -177.9934, 81.83997
20131001_053038_123: 80.499176, -177.99356, 81.95946
20131001_053038_171: 80.38235, -177.47688, 82.162964
20131001_053038_221: 99.54015, -177.1833, 81.91717
20131001_053038_272: 99.43937, -176.93875, 82.062584
20131001_053038_321: 99.45624, -176.85242, 81.85699
20131001_053038_371: 99.317024, -176.9155, 82.15345
20131001_053038_423: 99.30449, -176.90712, 82.47813
20131001_053038_471: 80.7961, -177.14117, 82.48356
20131001_053038_522: 80.82643, -177.21088, 82.7968
20131001_053038_572: 99.117256, -176.57774, 82.44854
20131001_053038_621: 98.950775, -176.46321, 82.40034
20131001_053038_672: 81.165436, -176.41933, 82.12261
20131001_053038_722: 81.335464, -176.77689, 81.76654
20131001_053038_772: 81.45976, -176.50276, 81.75817
20131001_053038_821: 81.632935, -176.39616, 81.8135
20131001_053038_871: 81.79463, -176.46509, 82.12374
20131001_053038_921: 81.95786, -176.36154, 82.169365
20131001_053038_971: 82.20934, -176.96814, 82.515076
20131001_053039_021: 82.30021, -177.39012, 82.582886
20131001_053039_071: 82.302185, -177.45967, 82.70366
20131001_053039_121: 82.23974, -177.39415, 82.51093
20131001_053039_171: 82.2326, -177.63574, 82.53804
20131001_053039_221: 82.21105, -177.5494, 82.892784
20131001_053039_277: 82.05714, -177.01219, 83.29707
20131001_053039_321: 82.00858, -176.83699, 82.99731
20131001_053039_371: 82.00418, -176.82108, 83.209694
20131001_053039_423: 81.94213, -176.87695, 83.09109
20131001_053039_472: 81.894325, -176.58614, 82.69909
20131001_053039_522: 81.88382, -176.58223, 82.728264
20131001_053039_574: 81.92626, -176.62695, 82.597885
20131001_053039_621: 82.04775, -176.72061, 82.58437
20131001_053039_672: 82.087944, -176.79814, 82.48206
20131001_053039_721: 82.12932, -176.55086, 82.058075
20131001_053039_772: 82.2698, -176.64316, 82.301186
20131001_053039_821: 82.262024, -176.53294, 81.956825
20131001_053039_874: 82.346405, -176.52928, 81.833466
20131001_053039_922: 82.49886, -176.89156, 81.91001
20131001_053039_972: 82.66376, -177.16705, 82.041466
20131001_053040_022: 82.76696, -177.13629, 82.0533
20131001_053040_417: 82.77058, -176.74855, 82.03011
20131001_053040_437: 82.92743, -176.863, 82.65246
20131001_053040_444: 83.01102, -177.03471, 82.659874
20131001_053040_451: 83.11234, -176.99998, 82.778915
20131001_053040_468: 83.23335, -177.07361, 82.68649
20131001_053040_474: 83.143906, -176.4836, 82.17441
20131001_053040_480: 83.32933, -176.53036, 81.96896
20131001_053040_485: 83.6341, -177.13121, 82.35109
20131001_053040_492: 83.72337, -177.31157, 82.159615
20131001_053040_524: 83.919464, -177.28397, 82.26915
20131001_053040_571: 84.00537, -177.59673, 82.652176
20131001_053040_924: 84.06669, -177.66232, 82.90951
20131001_053040_929: 83.95467, -177.60214, 82.65416
20131001_053040_935: 83.80197, -177.26053, 82.17819
20131001_053040_940: 83.53244, -176.4703, 81.770226
20131001_053040_947: 83.25228, -175.86703, 81.33427
20131001_053040_955: 83.31368, -176.05142, 81.16941
20131001_053040_970: 83.30736, -175.99521, 80.46723
20131001_053040_976: 83.58144, -176.55492, 80.304955
20131001_053041_022: 83.665985, -176.8953, 80.38658
20131001_053041_071: 83.62413, -176.55908, 80.038574
20131001_053041_121: 83.45232, -175.80017, 79.759056
20131001_053041_175: 83.630554, -176.0099, 79.502785
20131001_053041_222: 83.83695, -176.19585, 79.3126
20131001_053041_272: 83.832466, -175.74298, 79.24304
20131001_053041_321: 83.57031, -175.13612, 78.8834
20131001_053041_371: 83.99966, -175.50471, 79.25092
20131001_053041_424: 84.176926, -175.73375, 79.06971
20131001_053041_471: 83.51402, -174.5048, 78.452156
20131001_053041_522: 83.175385, -173.87805, 78.16435
20131001_053041_575: 82.879425, -173.42064, 77.757545
20131001_053041_621: 82.92258, -173.34142, 78.18883
20131001_053041_671: 82.83027, -173.23732, 77.76235
20131001_053041_726: 82.97798, -173.33513, 77.92051
20131001_053041_772: 82.22375, -172.46, 77.491905
20131001_053041_821: 81.50465, -171.6681, 77.09822
20131001_053041_871: 81.51335, -171.6684, 76.86262
20131001_053041_921: 81.44688, -171.57776, 76.86171
20131001_053041_971: 81.23965, -171.35649, 76.53811
20131001_053042_022: 81.31788, -171.4379, 76.37997
20131001_053042_071: 81.17893, -171.25058, 76.2771
20131001_053042_121: 80.70073, -170.74448, 75.82563
20131001_053042_172: 80.87279, -170.88715, 75.93062
20131001_053042_221: 80.356316, -170.33563, 75.30127
20131001_053042_285: 79.90013, -169.86072, 74.755226
20131001_053042_321: 79.76848, -169.7337, 74.46656
20131001_053042_371: 80.24989, -170.2276, 74.76192
20131001_053042_422: 80.63145, -170.63774, 74.73722
20131001_053042_471: 80.55491, -170.61584, 74.66076
20131001_053042_522: 80.56976, -170.67581, 74.55442
20131001_053042_574: 80.312584, -170.5022, 74.73291
20131001_053042_621: 79.652435, -169.92422, 74.688774
20131001_053042_671: 79.82308, -170.16675, 74.749344
20131001_053042_721: 79.5503, -169.98692, 74.638695
20131001_053042_772: 79.69164, -170.2064, 74.94622
20131001_053042_821: 79.35987, -169.96184, 74.686295
20131001_053042_874: 79.508385, -170.2432, 75.02625
20131001_053042_921: 79.67237, -170.45699, 75.25195
20131001_053042_971: 79.522415, -170.41077, 75.52872
20131001_053043_022: 79.46399, -170.3975, 75.516624
20131001_053043_071: 79.867386, -170.86215, 75.966385
20131001_053043_121: 80.31735, -171.28888, 76.161255
20131001_053043_175: 80.52514, -171.53719, 76.4451
20131001_053043_221: 80.601295, -171.63472, 76.49669
20131001_053043_272: 80.6486, -171.72275, 76.502945
20131001_053043_321: 81.10512, -172.14299, 76.59921
20131001_053043_371: 82.01636, -173.04578, 77.21565
20131001_053043_422: 82.6434, -173.61502, 77.55324
20131001_053043_473: 83.21844, -174.12979, 78.17565
20131001_053043_522: 83.21795, -174.11319, 78.32754
20131001_053043_572: 83.34572, -174.1841, 78.38213
20131001_053043_622: 83.71314, -174.46846, 78.49576
20131001_053043_672: 84.16714, -174.8101, 78.52608
20131001_053043_722: 84.40077, -175.00433, 78.61952
20131001_053043_771: 85.10462, -175.58992, 79.09717
20131001_053043_821: 85.376755, -175.76901, 79.1064
20131001_053043_871: 85.52974, -175.84776, 79.228096
20131001_053043_921: 86.325554, -176.50761, 79.33484
20131001_053043_971: 86.633675, -176.79115, 79.32846
20131001_053044_022: 86.736725, -176.89417, 79.315834
20131001_053044_072: 86.91944, -177.07758, 79.38807
20131001_053044_121: 87.04926, -177.21617, 79.64016
20131001_053044_172: 87.042336, -177.2843, 79.94293
20131001_053044_221: 87.1428, -177.50069, 80.276405
20131001_053044_272: 87.13498, -177.4606, 79.96004
20131001_053044_321: 87.61391, -178.24835, 80.2638
20131001_053044_372: 87.79866, -178.52577, 80.19858
20131001_053044_421: 87.53939, -178.40245, 79.73022
20131001_053044_471: 87.05135, -178.08847, 79.81024
20131001_053044_522: 86.65366, -177.74315, 79.55106
20131001_053044_571: 86.84682, -178.09367, 79.35399
20131001_053044_621: 86.44393, -177.89493, 80.01232
20131001_053044_672: 86.2711, -177.78316, 80.23788
20131001_053044_721: 86.33283, -177.96222, 80.419266
20131001_053044_772: 86.33907, -178.25523, 80.44044
20131001_053044_821: 85.852, -177.67278, 80.32836
20131001_053044_871: 85.65192, -177.54689, 80.1306
20131001_053044_921: 85.67985, -177.5917, 80.378586
20131001_053044_971: 85.61096, -177.53212, 80.358696
20131001_053045_022: 85.402405, -177.20277, 80.35366
20131001_053045_071: 85.381424, -177.26274, 80.20404
20131001_053045_121: 85.509636, -177.49431, 80.63246
20131001_053045_171: 84.96069, -176.7539, 79.99903
20131001_053045_223: 84.98765, -176.89125, 80.02327
20131001_053045_273: 84.986755, -176.99603, 80.13166
20131001_053045_321: 84.84009, -176.78247, 80.009895
20131001_053045_371: 84.53086, -176.53308, 79.81846
20131001_053045_422: 84.00294, -175.92378, 79.24428
20131001_053045_471: 83.870964, -175.90282, 79.028755
20131001_053046_093: 83.55847, -175.63022, 78.9544
20131001_053046_101: 82.95546, -175.12819, 78.559235
20131001_053046_180: 82.31849, -174.4647, 77.71123
20131001_053046_186: 81.835365, -174.08858, 77.45054
20131001_053046_191: 81.859825, -174.24088, 78.06848
20131001_053046_197: 81.37937, -173.73161, 77.594215
20131001_053046_202: 81.69723, -174.22354, 78.08202
20131001_053046_208: 81.373, -173.8165, 77.58151
20131001_053046_216: 81.22488, -173.7461, 77.74661
20131001_053046_223: 80.71548, -173.35039, 77.82309
20131001_053046_238: 80.94755, -173.61743, 77.90205
20131001_053046_243: 80.04718, -172.80753, 77.54089
20131001_053046_249: 80.00008, -172.86017, 77.9553
20131001_053046_254: 79.83488, -172.76971, 78.08361
20131001_053046_260: 79.78567, -172.80084, 77.97549
20131001_053046_274: 79.43731, -172.58441, 77.933334
20131001_053046_321: 79.532715, -172.8277, 78.166176
20131001_053046_371: 79.21614, -172.64627, 78.048294
20131001_053046_422: 79.242805, -172.8338, 78.18104
20131001_053046_471: 79.23224, -172.99268, 78.61723
20131001_053046_523: 78.998795, -172.83559, 78.5859
20131001_053046_585: 79.04519, -173.03926, 78.97904
20131001_053046_622: 78.98104, -173.01042, 78.771835
20131001_053046_672: 78.7366, -172.92372, 78.724945
20131001_053046_721: 78.64986, -172.96672, 78.64931
20131001_053046_773: 78.58187, -173.11505, 78.79269
20131001_053046_821: 78.44195, -173.1268, 78.574165
20131001_053046_871: 78.4636, -173.3671, 78.754395
20131001_053046_922: 78.341225, -173.40161, 78.81331
20131001_053046_971: 77.93973, -173.17874, 78.92007
20131001_053047_027: 78.11206, -173.47502, 78.78471
20131001_053047_071: 77.93673, -173.55995, 79.04594
20131001_053047_121: 78.099106, -173.9131, 79.35816
20131001_053047_174: 78.044106, -174.01869, 79.52634
20131001_053047_221: 78.2544, -174.3687, 79.484955
20131001_053047_274: 78.37882, -174.5992, 79.90452
20131001_053047_321: 78.722595, -174.97647, 79.6243
20131001_053047_371: 78.755066, -175.10027, 79.890076
20131001_053047_422: 78.93468, -175.3246, 80.0062
20131001_053047_473: 78.77915, -175.17813, 79.999535
20131001_053047_523: 78.93741, -175.68074, 80.30494
20131001_053047_571: 78.74848, -175.5877, 80.47405
20131001_053047_621: 78.95014, -176.11646, 80.61839
20131001_053047_671: 78.52202, -175.61534, 80.24895
20131001_053047_721: 78.32433, -175.60405, 80.23335
20131001_053047_777: 77.83567, -175.13344, 80.016136
20131001_053047_821: 78.100624, -175.60532, 80.31251
20131001_053047_871: 77.807655, -175.3312, 80.0039
20131001_053047_921: 77.5824, -174.99303, 80.015045
20131001_053047_971: 77.22123, -174.4306, 79.83545
20131001_053048_023: 77.20264, -174.43178, 79.77575
20131001_053048_084: 77.08583, -174.3525, 79.327675
20131001_053048_121: 76.92645, -174.29274, 79.105995
20131001_053048_172: 76.78925, -174.2596, 78.86261
20131001_053048_221: 76.555115, -174.17284, 78.9054
20131001_053048_271: 76.66889, -174.36545, 79.059166
20131001_053048_321: 76.81889, -174.82925, 79.63943
20131001_053048_373: 77.33717, -175.77382, 80.40119
20131001_053048_421: 77.31952, -175.65857, 80.15073
20131001_053048_471: 77.45237, -176.02899, 80.4544
20131001_053048_521: 77.18267, -175.70755, 80.44254
20131001_053048_571: 77.42649, -176.26613, 80.86852
20131001_053048_621: 77.463615, -176.45695, 81.013954
20131001_053048_672: 77.588425, -176.84741, 81.21723
20131001_053048_721: 77.79682, -177.33672, 81.40477
20131001_053048_771: 77.608086, -177.06564, 81.42183
20131001_053048_821: 77.67276, -177.11041, 81.433304
20131001_053048_871: 77.36717, -176.62666, 81.14071
20131001_053048_922: 77.58373, -176.72653, 81.062
20131001_053048_978: 77.236145, -176.28105, 81.07327
20131001_053049_021: 77.166176, -176.14026, 81.0204
20131001_053049_071: 77.252464, -176.2422, 81.13249
20131001_053049_121: 77.2685, -176.17381, 81.15667
20131001_053049_172: 77.321724, -176.10321, 81.33647
20131001_053049_221: 77.44662, -176.24007, 81.323555
20131001_053049_284: 77.8154, -176.82762, 81.47627
20131001_053049_321: 77.92417, -177.0174, 81.552986
20131001_053049_371: 77.89476, -177.12804, 81.45055
20131001_053049_421: 78.40756, -178.11755, 81.659485
20131001_053049_471: 78.20697, -177.54474, 81.60992
20131001_053049_521: 78.13682, -177.36621, 81.31999
20131001_053049_585: 77.819496, -176.73903, 80.754486
20131001_053049_621: 77.96065, -177.1527, 80.59285
20131001_053049_671: 77.87154, -177.1291, 80.149
20131001_053049_721: 77.58671, -176.74644, 79.967575
20131001_053049_771: 77.69542, -177.13016, 80.013664
20131001_053049_821: 77.32738, -176.72205, 79.79421
20131001_053049_884: 77.015076, -176.44785, 79.54748
20131001_053049_921: 76.552155, -175.8919, 79.13915
20131001_053049_971: 76.28983, -176.07343, 79.20149
20131001_053050_021: 76.246826, -176.25778, 79.5578
20131001_053050_071: 76.22191, -176.34604, 79.329475
20131001_053050_121: 75.866585, -176.2454, 79.62284
20131001_053050_184: 75.78534, -176.11208, 79.77425
20131001_053050_221: 75.614006, -176.08382, 79.79714
20131001_053050_271: 75.31561, -175.70313, 79.24496
20131001_053050_322: 74.80568, -175.07973, 78.94364
20131001_053050_372: 74.52481, -174.8339, 78.63784
20131001_053050_422: 73.945786, -174.30211, 78.053314
20131001_053050_809: 73.58325, -174.11028, 78.050705
20131001_053050_824: 73.086464, -173.72458, 77.67815
20131001_053050_830: 72.75206, -173.7387, 77.65268
20131001_053050_967: 71.82397, -172.69997, 76.71114
20131001_053050_973: 71.52255, -172.46072, 76.650635
20131001_053050_978: 71.25061, -172.32297, 76.541985
20131001_053050_987: 71.371284, -172.56859, 76.60203
20131001_053050_993: 71.374855, -172.6587, 76.77663
20131001_053051_007: 71.711555, -173.14255, 76.98242
20131001_053051_012: 71.59076, -173.23267, 76.8033
20131001_053051_018: 71.85143, -173.795, 76.880844
20131001_053051_024: 71.70976, -173.73207, 76.33345
20131001_053051_071: 71.46697, -173.66481, 76.20041
20131001_053051_121: 71.24791, -173.40976, 75.89719
20131001_053051_172: 71.23921, -173.59186, 75.95142
20131001_053051_221: 71.253395, -173.6834, 75.9445
20131001_053051_271: 70.980644, -173.59383, 75.67291
20131001_053051_321: 70.96896, -173.5968, 75.60805
20131001_053051_374: 70.85383, -173.80663, 75.474365
20131001_053051_422: 71.103546, -174.54265, 75.86031
20131001_053051_471: 71.20989, -174.85257, 76.03774
20131001_053051_521: 71.0622, -174.83705, 76.03919
20131001_053051_572: 71.01326, -174.77742, 75.96161
20131001_053051_621: 71.01303, -174.73254, 76.23729
20131001_053051_676: 71.1996, -174.76205, 76.08991
20131001_053051_721: 71.27175, -174.75053, 75.89291
20131001_053051_771: 71.02175, -174.27946, 75.6137
20131001_053051_822: 71.15521, -174.29161, 75.3845
20131001_053051_871: 71.34376, -174.57089, 75.3938
20131001_053051_922: 71.18156, -174.13998, 75.12294
20131001_053051_971: 71.65946, -174.87196, 75.828156
20131001_053052_022: 71.7825, -174.84755, 75.85771
20131001_053052_071: 71.70329, -174.52197, 75.49618
20131001_053052_121: 71.83338, -174.69257, 75.88641
20131001_053052_172: 72.38383, -175.44063, 76.15896
20131001_053052_223: 72.4478, -175.59738, 75.97644
20131001_053052_271: 72.687805, -175.78104, 76.102806
20131001_053052_321: 72.7905, -175.85263, 76.27372
20131001_053052_371: 72.922966, -176.06494, 76.52362
20131001_053052_422: 72.86097, -175.8376, 76.33502
20131001_053052_471: 72.79185, -175.91081, 76.50402
20131001_053052_523: 72.96686, -176.3034, 76.47114
20131001_053052_572: 72.914055, -176.40154, 76.62483
20131001_053052_621: 72.67377, -176.13234, 76.63662
20131001_053052_672: 72.85862, -176.4012, 76.91145
20131001_053052_721: 73.03145, -176.75465, 77.22158
20131001_053052_771: 72.891106, -176.21036, 77.1045
20131001_053052_822: 72.70579, -175.67142, 77.09342
20131001_053052_871: 72.80861, -175.73952, 77.151
20131001_053052_922: 72.929924, -175.84303, 77.16748
20131001_053052_971: 72.84379, -175.80917, 76.9625
20131001_053053_021: 72.793274, -175.74992, 77.033455
20131001_053053_071: 72.8695, -175.93007, 77.24555
20131001_053053_134: 73.106964, -176.54956, 77.71851
20131001_053053_172: 72.98609, -176.4996, 77.56889
20131001_053053_221: 73.16777, -176.87636, 77.9857
20131001_053053_271: 72.99894, -176.50302, 77.94294
20131001_053053_321: 72.87001, -176.30872, 78.01124
20131001_053053_371: 72.60378, -176.0842, 78.25727
20131001_053053_439: 72.36661, -175.84438, 78.08763
20131001_053053_471: 72.067635, -175.68741, 78.1957
20131001_053053_521: 71.85316, -175.72142, 78.11465
20131001_053053_571: 71.78287, -175.90709, 78.15143
20131001_053053_621: 71.61377, -175.81451, 77.94839
20131001_053053_672: 71.31476, -175.56497, 77.71697
20131001_053053_722: 71.28994, -175.69377, 77.98867
20131001_053053_771: 71.03783, -175.39505, 77.351456
20131001_053053_821: 71.03077, -175.86227, 77.401764
20131001_053053_871: 70.496346, -175.25633, 76.82388
20131001_053053_922: 70.15004, -175.07513, 76.57864
20131001_053053_971: 69.831955, -174.82297, 76.57072
20131001_053054_022: 69.55588, -174.59212, 76.416466
20131001_053054_071: 69.03139, -173.90884, 76.141136
20131001_053054_121: 68.81701, -173.7224, 76.12069
20131001_053054_172: 68.75578, -173.59644, 76.25929
20131001_053054_221: 68.35467, -173.05887, 75.733086
20131001_053054_271: 67.81793, -172.47266, 75.08969
20131001_053054_322: 67.87011, -172.82768, 75.3939
20131001_053054_371: 68.09532, -173.02147, 75.86997
20131001_053054_422: 68.17029, -173.21751, 75.98075
20131001_053054_471: 67.96057, -173.04532, 76.005875
20131001_053054_521: 68.046844, -172.99022, 76.06645
20131001_053054_575: 67.92641, -172.72215, 76.02153
20131001_053054_622: 67.784645, -172.41733, 75.98846
20131001_053054_672: 67.14977, -171.50966, 75.420525
20131001_053054_721: 67.16293, -171.42033, 75.44724
20131001_053054_771: 67.04031, -171.34015, 75.415405
20131001_053054_821: 67.30694, -171.56134, 75.37854
20131001_053054_873: 67.37057, -171.85107, 75.63305
20131001_053054_922: 67.08529, -171.34247, 75.08691
20131001_053054_971: 66.40776, -170.74002, 74.49914
20131001_053055_021: 66.552956, -171.3787, 74.85358
20131001_053055_071: 66.12908, -171.09889, 74.54366
20131001_053055_121: 65.77839, -171.09196, 74.50157
20131001_053055_173: 65.63936, -171.04369, 74.27064
20131001_053055_221: 65.49023, -170.85472, 74.36271
20131001_053055_271: 65.557434, -171.27039, 74.85853
20131001_053055_321: 66.25093, -172.18608, 75.34773
20131001_053055_371: 66.11985, -172.55353, 75.54829
20131001_053055_422: 65.95489, -172.45222, 75.308105
20131001_053055_472: 65.47097, -171.97005, 75.2308
20131001_053055_521: 65.11614, -171.64734, 75.13038
20131001_053055_572: 64.89297, -171.376, 75.372696
20131001_053055_621: 65.40111, -172.46227, 76.1063
20131001_053055_673: 65.70786, -172.9979, 76.90818
20131001_053056_734: 65.88927, -173.1981, 77.1871
20131001_053056_744: 65.593796, -172.83327, 77.02744
20131001_053056_751: 65.547195, -172.53548, 77.075714
20131001_053056_763: 65.63419, -172.36609, 76.75981
20131001_053056_769: 65.927635, -172.79776, 77.113235
20131001_053056_775: 66.19801, -172.9335, 77.23237
20131001_053056_781: 66.12169, -172.53801, 77.12598
20131001_053056_787: 66.09958, -172.41882, 76.95064
20131001_053056_809: 66.26903, -172.75208, 77.42545
20131001_053056_816: 66.67702, -173.37184, 77.93431
20131001_053056_831: 66.54133, -173.25488, 77.90681
20131001_053056_836: 66.22495, -172.92476, 77.7698
20131001_053056_842: 66.25313, -173.13649, 78.01601
20131001_053056_848: 66.279274, -173.24501, 78.22087
20131001_053056_854: 66.31873, -173.45906, 78.54535
20131001_053056_861: 66.53288, -174.0269, 78.95019
20131001_053056_868: 66.235, -174.0541, 78.635124
20131001_053056_884: 66.20601, -174.3474, 78.86081
20131001_053056_891: 65.94167, -174.25475, 78.61048
20131001_053056_897: 65.94121, -174.52126, 78.75134
20131001_053056_903: 65.62888, -174.37805, 78.47534
20131001_053056_908: 65.57121, -174.36824, 78.454124
20131001_053056_928: 65.54193, -174.40923, 78.63123
20131001_053056_934: 65.82942, -174.7281, 78.933
20131001_053056_951: 65.9707, -174.76437, 78.90947
20131001_053056_971: 66.12251, -174.63762, 78.8838
20131001_053057_021: 66.18082, -174.41, 78.536964
20131001_053057_071: 66.374725, -174.58943, 78.74035
20131001_053057_122: 66.785255, -174.92862, 78.75654
20131001_053057_173: 66.86997, -175.14584, 79.24229
20131001_053057_222: 67.21899, -175.48567, 79.72838
20131001_053057_272: 67.3633, -175.74919, 79.96144
20131001_053057_323: 67.77795, -176.49596, 80.3505
20131001_053057_375: 68.08815, -177.05856, 80.546585
20131001_053057_424: 68.31198, -177.4859, 80.780525
20131001_053057_472: 68.39693, -177.62201, 80.81906
20131001_053057_521: 68.54261, -177.87779, 80.96017
20131001_053057_572: 68.47, -177.61452, 80.87745
20131001_053057_621: 68.68788, -177.72855, 80.85401
20131001_053057_673: 68.93108, -178.93115, 81.6154
20131001_053057_722: 69.34239, -178.76324, 81.80847
20131001_053057_771: 68.938934, -178.58733, 82.16554
20131001_053057_822: 69.654236, -179.49013, 83.12451
20131001_053057_871: 69.44045, -179.08342, 83.11149
20131001_053057_923: 69.30502, -178.6169, 83.91588
20131001_053057_971: 69.79253, -178.92593, 83.015755
20131001_053058_023: 69.46843, -178.4272, 83.29958
20131001_053058_073: 69.88446, -179.28136, 82.894035
20131001_053058_121: 70.477844, 179.64168, 83.54883
20131001_053058_174: 70.80964, 178.99637, 83.26558
20131001_053058_221: 71.04853, 178.57684, 83.23518
20131001_053058_271: 71.167145, 178.46048, 83.15095
20131001_053058_322: 71.34416, 178.61324, 83.061386
20131001_053058_371: 71.39728, 178.36711, 83.02626
20131001_053058_422: 71.471436, 178.1357, 83.18369
20131001_053058_471: 71.43289, 178.69746, 83.32353
20131001_053058_521: 70.77584, 179.93057, 83.0928
20131001_053058_572: 70.48901, -179.52748, 83.35741
20131001_053058_621: 70.39802, -179.45885, 83.46514
20131001_053058_673: 70.49148, 179.82019, 83.957245
20131001_053058_721: 70.81705, 179.33961, 83.91126
20131001_053058_771: 70.638535, -179.81772, 83.877525
20131001_053058_822: 70.45671, -178.83554, 83.480804
20131001_053058_873: 70.27521, -178.16902, 83.38765
20131001_053058_922: 70.38365, -178.42514, 83.495125
20131001_053058_971: 70.47805, -178.78293, 83.673805
20131001_053059_021: 70.60528, -179.10634, 83.50327
20131001_053059_071: 70.39861, -178.9051, 83.70545
20131001_053059_121: 70.438545, -178.87521, 83.62869
20131001_053059_175: 70.09295, -178.60391, 83.47681
20131001_053059_221: 70.06734, -178.67416, 83.50578
20131001_053059_271: 69.952385, -178.81577, 83.64095
20131001_053059_321: 69.82444, -178.96867, 83.44718
20131001_053059_371: 69.54451, -178.95624, 83.626114
20131001_053059_422: 69.69795, -179.72855, 83.928276
20131001_053059_473: 69.68009, -179.82964, 84.01526
20131001_053059_521: 69.40828, -179.53181, 83.948944
20131001_053059_572: 69.44257, -179.70477, 84.187004
20131001_053059_622: 69.568924, -179.77452, 83.75599
20131001_053059_673: 69.5225, -179.92307, 84.10118
20131001_053059_721: 69.89222, 179.67337, 84.2763
20131001_053059_772: 69.96103, 179.86472, 84.31998
20131001_053059_821: 69.985634, -179.80254, 84.57223
20131001_053059_871: 70.34107, 179.67186, 85.04676
20131001_053059_923: 70.26595, -179.70268, 85.0244
20131001_053059_971: 70.249794, -179.59406, 84.86179
20131001_053100_021: 70.14685, -179.39058, 85.0576
20131001_053100_084: 70.096115, -179.2484, 85.17472
20131001_053100_121: 70.07502, -179.57532, 85.33613
20131001_053100_173: 70.19374, -179.80186, 85.620186
20131001_053100_221: 70.25097, -179.76962, 85.82601
20131001_053100_271: 70.23369, -179.50726, 85.704544
20131001_053100_321: 70.42594, -179.82808, 85.99551
20131001_053100_373: 70.56992, 179.69902, 85.8816
20131001_053100_422: 70.57346, 179.43506, 86.000496
20131001_053100_471: 70.58541, 179.3053, 85.818016
20131001_053100_521: 70.50742, 179.69426, 85.65642
20131001_053100_572: 70.64046, 179.6789, 85.725006
20131001_053100_621: 70.6562, 179.4689, 85.70574
20131001_053100_673: 71.007805, 179.03455, 85.86972
20131001_053100_724: 70.85446, 179.31345, 85.91644
20131001_053102_443: 70.87851, 179.33755, 86.06794
20131001_053102_452: 70.87639, 179.41908, 86.25279
20131001_053102_459: 70.89795, 179.4319, 86.16025
20131001_053102_474: 70.74528, 179.84927, 86.1002
20131001_053102_480: 70.562584, 179.66182, 85.993744
20131001_053102_485: 70.638855, 179.24281, 85.87906
20131001_053102_490: 70.40762, -179.98035, 85.906075
20131001_053102_496: 70.12924, -179.47443, 85.86357
20131001_053102_502: 70.318184, -179.80229, 85.99899
20131001_053102_510: 70.360794, -179.96448, 86.29998
20131001_053102_526: 70.18135, -179.70758, 86.28832
20131001_053102_532: 70.17101, -179.37949, 85.8459
20131001_053102_538: 69.955894, -179.24992, 85.944916
20131001_053102_544: 70.400764, 179.92067, 86.34495
20131001_053102_567: 70.672386, 179.86024, 86.066826
20131001_053102_580: 70.91052, 179.24535, 86.673004
20131001_053102_597: 71.34455, 178.77774, 86.5042
20131001_053102_608: 71.365715, 179.04161, 86.72084
20131001_053102_611: 71.53623, 178.52512, 86.903534
20131001_053102_614: 71.613556, 178.35239, 86.76428
20131001_053102_619: 71.75577, 178.35849, 87.45422
20131001_053102_623: 71.88349, 177.81953, 87.19851
20131001_053102_627: 71.777084, 178.45964, 87.80924
20131001_053102_632: 71.84692, 178.29813, 87.759995
20131001_053102_642: 71.90537, 178.27313, 87.94936
20131001_053102_645: 71.84646, 177.87799, 87.56172
20131001_053102_649: 71.931564, 177.22165, 87.19103
20131001_053102_652: 71.87192, 177.28024, 87.206345
20131001_053102_655: 71.93889, 176.44623, 86.44519
20131001_053102_670: 71.890686, 177.41318, 87.39433
20131001_053102_682: 71.80016, 177.21715, 87.14369
20131001_053102_692: 71.88715, 3.6834557, 86.315735
20131001_053102_696: 71.783936, 177.73859, 87.73843
20131001_053102_700: 71.739845, 2.7591531, 87.24074
20131001_053102_703: 71.83458, 3.713425, 86.24741
20131001_053102_706: 71.71116, 2.2359076, 87.705246
20131001_053102_711: 71.69851, 178.58505, 88.584564
20131001_053102_718: 71.95267, 2.3279612, 87.671745
20131001_053102_728: 72.129295, 3.813552, 86.04224
20131001_053102_731: 72.31705, 2.1209848, 87.7256
20131001_053102_771: 72.52872, 0.83689183, 89.0893
20131001_053102_821: 72.955025, 1.6596934, 88.33891
20131001_053102_871: 73.04613, 2.6335962, 87.314255
20131001_053102_925: 73.300964, 3.2292297, 86.40594
20131001_053102_971: 73.197525, 2.7079654, 86.111176
20131001_053103_021: 72.880295, 1.773103, 87.449356
20131001_053103_072: 72.49701, 0.9050718, 88.453766
20131001_053103_121: 72.05186, 0.7140549, 88.99569
20131001_053103_171: 72.05781, 0.90643466, 89.01655
20131001_053103_224: 71.91062, 1.407536, 88.47719
20131001_053103_272: 71.83776, 1.1625968, 88.832214
20131001_053103_323: 71.75019, 179.01105, 89.009575
20131001_053103_372: 71.65332, 179.43803, 89.12997
20131001_053103_421: 71.24972, -179.99757, 88.702866
20131001_053103_471: 70.778305, -179.19998, 87.74394
20131001_053103_523: 70.19002, -178.39102, 86.34264
20131001_053103_572: 70.032005, -178.31615, 86.125565
20131001_053103_621: 70.09002, -178.7362, 86.28668
20131001_053103_671: 70.19708, -179.04066, 86.184326
20131001_053103_722: 70.80736, 179.7546, 87.09535
20131001_053103_771: 70.99125, 179.12471, 87.09613
20131001_053103_823: 71.27675, 178.8492, 87.00791
20131001_053103_871: 71.3376, 178.87003, 86.834755
20131001_053103_921: 71.72565, 178.29254, 86.62017
20131001_053103_971: 72.0642, 177.50307, 86.63314
20131001_053104_022: 72.31956, 177.92879, 86.713486
20131001_053104_072: 72.42509, 177.80722, 86.46127
20131001_053104_121: 72.70349, 177.02417, 86.06439
20131001_053104_171: 72.750206, 177.23863, 86.15786
20131001_053104_222: 73.02003, 176.97093, 85.655556
20131001_053104_271: 73.05453, 176.9638, 85.383156
20131001_053104_322: 73.32421, 176.51974, 84.90556
20131001_053104_373: 73.505684, 176.24782, 84.58388
20131001_053104_422: 73.44957, 176.12207, 84.49701
20131001_053104_472: 73.6074, 175.5423, 84.18816
20131001_053104_522: 73.69329, 175.75055, 84.38139
20131001_053104_572: 74.07596, 175.1198, 83.80766
20131001_053104_621: 74.315155, 175.33406, 83.958015
20131001_053104_678: 74.71237, 174.68655, 83.34862
20131001_053104_721: 74.90522, 174.65526, 83.174286
20131001_053104_771: 75.18262, 173.99725, 82.63612
20131001_053104_822: 75.3494, 173.541, 82.24533
20131001_053104_871: 75.393234, 173.66908, 82.26658
20131001_053104_921: 75.36466, 172.60452, 81.35346
20131001_053104_971: 75.24315, 172.61389, 81.33832
20131001_053105_021: 75.4563, 172.931, 81.493286
20131001_053105_072: 75.425865, 171.84038, 80.433846
20131001_053105_121: 75.396164, 170.72746, 79.363075
20131001_053105_171: 75.91218, 171.6133, 80.12791
20131001_053105_224: 76.32054, 172.20555, 80.5821
20131001_053105_271: 76.16296, 171.04398, 79.691925
