20131001_052937_272: 9.754664, -0.71805507, -0.708034
20131001_052937_287: 9.751156, -0.71691555, -0.75589293
20131001_052937_335: 9.746391, -0.7343629, -0.7993457
20131001_052937_343: 9.751364, -0.6713833, -0.7940791
20131001_052937_351: 9.7479, -0.7280229, -0.7866525
20131001_052937_357: 9.7531395, -0.63436025, -0.80265
20131001_052937_363: 9.751017, -0.67396194, -0.79614073
20131001_052937_392: 9.756871, -0.6001932, -0.7833511
20131001_052937_396: 9.754106, -0.6185355, -0.80327076
20131001_052937_400: 9.757768, -0.55364746, -0.80613285
20131001_052937_404: 9.754166, -0.571307, -0.83679485
20131001_052937_407: 9.754266, -0.5422817, -0.85476565
20131001_052937_426: 9.751816, -0.5680808, -0.8658999
20131001_052937_430: 9.755092, -0.54190004, -0.84554017
20131001_052937_435: 9.7531595, -0.57010263, -0.8492551
20131001_052937_439: 9.757352, -0.54026335, -0.82010937
20131001_052937_448: 9.756353, -0.5637761, -0.81616414
20131001_052937_454: 9.755144, -0.56151044, -0.83202046
20131001_052937_471: 9.753875, -0.57863724, -0.8351728
20131001_052937_475: 9.757166, -0.545349, -0.81895757
20131001_052937_479: 9.756835, -0.5891785, -0.79209936
20131001_052937_483: 9.757486, -0.60339993, -0.7731489
20131001_052937_487: 9.750608, -0.60514706, -0.8542881
20131001_052937_502: 9.751461, -0.5770669, -0.8639526
20131001_052937_506: 9.744916, -0.6682906, -0.8720003
20131001_052937_509: 9.750178, -0.63619393, -0.8364634
20131001_052937_512: 9.747093, -0.6746923, -0.84221977
20131001_052937_516: 9.750238, -0.6518889, -0.8235846
20131001_052937_530: 9.749293, -0.6641896, -0.8249419
20131001_052937_534: 9.755656, -0.6176871, -0.7848612
20131001_052937_538: 9.754724, -0.64200205, -0.77692574
20131001_052937_542: 9.756602, -0.6354151, -0.7585256
20131001_052937_546: 9.755961, -0.6447557, -0.75888944
20131001_052937_563: 9.759232, -0.5933815, -0.7587506
20131001_052937_570: 9.757689, -0.6276573, -0.75095546
20131001_052937_575: 9.758945, -0.5731617, -0.7777371
20131001_052937_583: 9.756505, -0.6142729, -0.77695674
20131001_052937_590: 9.757439, -0.60123545, -0.775439
20131001_052937_595: 9.755788, -0.60619044, -0.7921692
20131001_052937_609: 9.757619, -0.56782943, -0.798032
20131001_052937_614: 9.757956, -0.5735048, -0.7898031
20131001_052937_618: 9.756803, -0.53757834, -0.8283774
20131001_052937_622: 9.751842, -0.5433891, -0.8813108
20131001_052937_625: 9.751199, -0.5365099, -0.8925737
20131001_052937_641: 9.7462845, -0.59689856, -0.9077572
20131001_052937_645: 9.748588, -0.5794237, -0.8942548
20131001_052937_649: 9.746619, -0.5907865, -0.9081822
20131001_052937_652: 9.746694, -0.5942545, -0.9051047
20131001_052937_656: 9.742004, -0.62093145, -0.93710285
20131001_052937_687: 9.745126, -0.56739277, -0.9386118
20131001_052937_692: 9.739766, -0.58912504, -0.9799457
20131001_052937_698: 9.742025, -0.54472065, -0.9831682
20131001_052937_704: 9.739265, -0.55752987, -1.0031284
20131001_052937_710: 9.7444105, -0.511492, -0.9773592
20131001_052937_717: 9.743166, -0.55643797, -0.9651368
20131001_052937_736: 9.747068, -0.50577426, -0.9535364
20131001_052937_741: 9.745241, -0.5546797, -0.94497144
20131001_052937_748: 9.747051, -0.5476254, -0.93031657
20131001_052937_753: 9.743855, -0.5738374, -0.94783205
20131001_052937_758: 9.745235, -0.5410934, -0.95289546
20131001_052937_793: 9.744591, -0.56845164, -0.9435101
20131001_052937_798: 9.747095, -0.55071694, -0.92802906
20131001_052937_807: 9.745741, -0.56940585, -0.93098557
20131001_052937_814: 9.747153, -0.5820257, -0.9080954
20131001_052937_820: 9.747128, -0.59574354, -0.89944446
20131001_052937_844: 9.750294, -0.5610893, -0.88733023
20131001_052937_850: 9.750842, -0.5688994, -0.8762471
20131001_052937_855: 9.752466, -0.5791618, -0.8511159
20131001_052937_861: 9.752814, -0.5551117, -0.8630574
20131001_052937_867: 9.755247, -0.5573247, -0.83362406
20131001_052937_875: 9.756026, -0.5387839, -0.8366899
20131001_052937_889: 9.755881, -0.56195235, -0.8230346
20131001_052937_893: 9.759898, -0.5179808, -0.8040543
20131001_052937_897: 9.760168, -0.5459508, -0.7819319
20131001_052937_900: 9.76139, -0.5153835, -0.7874244
20131001_052937_904: 9.761925, -0.5276675, -0.77251
20131001_052937_932: 9.761209, -0.51258564, -0.7914844
20131001_052937_937: 9.757676, -0.5468363, -0.8118565
20131001_052937_942: 9.758554, -0.50404173, -0.82883686
20131001_052937_948: 9.75658, -0.5305407, -0.8355232
20131001_052937_955: 9.757466, -0.5083172, -0.8389532
20131001_052937_985: 9.758218, -0.5186334, -0.82377434
20131001_052937_991: 9.760869, -0.4803867, -0.8155235
20131001_052937_997: 9.762283, -0.49822894, -0.7873928
20131001_052938_002: 9.763049, -0.4978218, -0.7781012
20131001_052938_008: 9.763424, -0.48726183, -0.7800869
20131001_052938_014: 9.762585, -0.5232813, -0.767145
20131001_052938_035: 9.762961, -0.5323013, -0.7560665
20131001_052938_041: 9.759793, -0.5806725, -0.76134974
20131001_052938_051: 9.759396, -0.565591, -0.7776339
20131001_052938_058: 9.759124, -0.6070789, -0.74922204
20131001_052938_064: 9.761565, -0.56114334, -0.753233
20131001_052938_082: 9.760653, -0.5856705, -0.74634796
20131001_052938_101: 9.761164, -0.5749173, -0.74801034
20131001_052938_107: 9.763347, -0.59489655, -0.70253044
20131001_052938_113: 9.764051, -0.5873445, -0.699066
20131001_052938_119: 9.764922, -0.5957395, -0.6795468
20131001_052938_124: 9.764969, -0.5770067, -0.6948416
20131001_052938_145: 9.764975, -0.5750316, -0.69640964
20131001_052938_151: 9.762147, -0.61141664, -0.7050351
20131001_052938_161: 9.763248, -0.58689684, -0.71055853
20131001_052938_171: 9.761594, -0.6454297, -0.68197775
20131001_052938_178: 9.757576, -0.689628, -0.6960674
20131001_052938_214: 9.758885, -0.6498761, -0.71567315
20131001_052938_219: 9.7567425, -0.68809307, -0.70917296
20131001_052938_226: 9.758729, -0.6416028, -0.7252061
20131001_052938_231: 9.755648, -0.67262894, -0.7384557
20131001_052938_237: 9.758218, -0.6310104, -0.7412474
20131001_052938_242: 9.754952, -0.66827804, -0.7514877
20131001_052938_265: 9.756431, -0.60641634, -0.78404874
20131001_052938_270: 9.754479, -0.631566, -0.7884514
20131001_052938_276: 9.75329, -0.5970868, -0.8289757
20131001_052938_282: 9.753226, -0.6039935, -0.82470226
20131001_052938_291: 9.748852, -0.6340674, -0.8533558
20131001_052938_310: 9.750293, -0.6267291, -0.84226215
20131001_052938_331: 9.747961, -0.6521762, -0.84990215
20131001_052938_337: 9.750392, -0.59914106, -0.8609835
20131001_052938_343: 9.752613, -0.59533876, -0.8381521
20131001_052938_349: 9.75273, -0.5719941, -0.85291505
20131001_052938_356: 9.753554, -0.5688523, -0.8455726
20131001_052938_379: 9.753883, -0.5835656, -0.8316414
20131001_052938_384: 9.750505, -0.59877723, -0.85993636
20131001_052938_390: 9.754412, -0.5801783, -0.8278081
20131001_052938_396: 9.749758, -0.62857115, -0.8470678
20131001_052938_402: 9.753809, -0.5956144, -0.82392275
20131001_052938_414: 9.750508, -0.6530124, -0.8195032
20131001_052938_435: 9.753794, -0.6461571, -0.7850889
20131001_052938_441: 9.749785, -0.68838704, -0.79887486
20131001_052938_446: 9.751801, -0.66107583, -0.797339
20131001_052938_452: 9.749568, -0.70791596, -0.78432727
20131001_052938_461: 9.751665, -0.6797747, -0.7831503
20131001_052938_483: 9.750217, -0.71703506, -0.76780987
20131001_052938_488: 9.748009, -0.7615394, -0.7528394
20131001_052938_494: 9.754722, -0.6910744, -0.7336562
20131001_052938_500: 9.753096, -0.72288555, -0.7245283
20131001_052938_506: 9.760143, -0.6354048, -0.7115046
20131001_052938_526: 9.760046, -0.67400634, -0.6764575
20131001_052938_574: 9.765304, -0.61000645, -0.66114193
20131001_052938_622: 9.764807, -0.6068945, -0.6712632
20131001_052938_673: 9.767365, -0.56444883, -0.67108667
20131001_052938_722: 9.767507, -0.5531535, -0.678399
20131001_052938_772: 9.76463, -0.53963995, -0.72881025
20131001_052938_823: 9.76627, -0.49651366, -0.7374556
20131001_052938_872: 9.763258, -0.50178456, -0.77291596
20131001_052938_923: 9.765241, -0.46556965, -0.7705302
20131001_052938_972: 9.76063, -0.5433961, -0.77797437
20131001_052939_022: 9.76394, -0.48785102, -0.7732219
20131001_052939_074: 9.759835, -0.55211836, -0.7817656
20131001_052939_123: 9.759645, -0.51638097, -0.80815005
20131001_052939_174: 9.756728, -0.5482386, -0.82223237
20131001_052939_224: 9.759998, -0.4885811, -0.82103145
20131001_052939_272: 9.755146, -0.565458, -0.829322
20131001_052939_322: 9.759712, -0.48598555, -0.82597065
20131001_052939_374: 9.755668, -0.57447106, -0.8168974
20131001_052939_423: 9.75897, -0.5348729, -0.8042393
20131001_052939_472: 9.75284, -0.5916349, -0.83812785
20131001_052939_523: 9.752332, -0.6247294, -0.819844
20131001_052939_573: 9.74888, -0.6134575, -0.8679922
20131001_052939_622: 9.746181, -0.6876374, -0.84232646
20131001_052939_674: 9.751526, -0.5640823, -0.87173724
20131001_052939_722: 9.747162, -0.59101593, -0.9021973
20131001_052939_772: 9.745985, -0.606438, -0.9046634
20131001_052939_822: 9.752659, -0.44528615, -0.92614484
20131001_052939_873: 9.748761, -0.56706893, -0.90026075
20131001_052939_923: 9.74512, -0.5456383, -0.9514786
20131001_052939_973: 9.74946, -0.4281988, -0.96699154
20131001_052940_021: 9.741619, -0.4440759, -1.0363524
20131001_052940_072: 9.744949, -0.4978896, -0.9790178
20131001_052940_122: 9.748422, -0.34932432, -1.0082941
20131001_052940_173: 9.747167, -0.42373043, -0.99177057
20131001_052940_222: 9.739725, -0.48450202, -1.0360583
20131001_052940_273: 9.745948, -0.38909897, -1.0175927
20131001_052940_321: 9.736784, -0.34354368, -1.1168709
20131001_052940_372: 9.737299, -0.41181642, -1.0889543
20131001_052940_423: 9.742288, -0.30307168, -1.0799954
20131001_052940_472: 9.734675, -0.31949148, -1.142114
20131001_052940_522: 9.740023, -0.23079059, -1.1176333
20131001_052940_574: 9.736002, -0.20231122, -1.1574686
20131001_052940_623: 9.735172, -0.16986878, -1.1695801
20131001_052940_672: 9.736443, -0.1343734, -1.1636335
20131001_052940_722: 9.734246, -0.06008768, -1.1879548
20131001_052940_772: 9.729336, 0.0066086045, -1.2289724
20131001_052940_822: 9.729794, 0.01476327, -1.2252698
20131001_052940_873: 9.727406, 0.03014847, -1.2438159
20131001_052940_922: 9.725609, 0.04341595, -1.2573847
20131001_052940_972: 9.722691, 0.04303513, -1.2797847
20131001_052941_022: 9.723695, 0.073019356, -1.2707442
20131001_052941_072: 9.723379, 0.07447744, -1.2730951
20131001_052941_125: 9.723158, 0.14644845, -1.2685201
20131001_052941_172: 9.72325, 0.1754872, -1.264123
20131001_052941_222: 9.720706, 0.25166357, -1.2707933
20131001_052941_272: 9.715702, 0.28044426, -1.3026462
20131001_052941_322: 9.7130165, 0.37049043, -1.300181
20131001_052941_372: 9.708394, 0.41018212, -1.3225802
20131001_052941_424: 9.703606, 0.4847943, -1.3324542
20131001_052941_472: 9.700585, 0.51189303, -1.3442583
20131001_052941_522: 9.699636, 0.5624857, -1.3308123
20131001_052941_572: 9.69916, 0.5794231, -1.3270047
20131001_052941_622: 9.693801, 0.6625848, -1.327249
20131001_052941_673: 9.69632, 0.621867, -1.3285434
20131001_052941_723: 9.701288, 0.6320377, -1.28683
20131001_052941_772: 9.696242, 0.6154694, -1.3320912
20131001_052941_823: 9.703271, 0.5403817, -1.3133707
20131001_052941_872: 9.699438, 0.5562562, -1.3348671
20131001_052941_923: 9.696912, 0.5077037, -1.3720336
20131001_052941_975: 9.69386, 0.5757158, -1.3667656
20131001_052942_024: 9.683514, 0.5680027, -1.441293
20131001_052942_074: 9.679166, 0.66380674, -1.429519
20131001_052942_122: 9.67503, 0.70750207, -1.4365298
20131001_052942_173: 9.671071, 0.761903, -1.4353619
20131001_052942_223: 9.663494, 0.86345077, -1.4288936
20131001_052942_275: 9.663385, 0.9065435, -1.4026924
20131001_052942_325: 9.672571, 1.0153645, -1.2573049
20131001_052942_373: 9.70202, 0.93778294, -1.077873
20131001_052942_423: 9.730349, 0.9457366, -0.77220225
20131001_052942_473: 9.735477, 0.9697259, -0.6712112
20131001_052942_523: 9.749222, 0.92083156, -0.5245239
20131001_052942_577: 9.771655, 0.74745095, -0.35564387
20131001_052942_673: 9.776018, 0.73705757, -0.23789866
20131001_052942_723: 9.766189, 0.8537372, -0.25115153
20131001_052942_773: 9.758886, 0.9178493, -0.30346859
20131001_052942_824: 9.747144, 1.012335, -0.37251434
20131001_052942_872: 9.74153, 1.0673203, -0.36580285
20131001_052942_923: 9.743054, 1.0600337, -0.34585196
20131001_052942_972: 9.743993, 1.0567299, -0.32910016
20131001_052943_023: 9.761004, 0.9192601, -0.21941696
20131001_052943_072: 9.767521, 0.8627131, -0.14716245
20131001_052943_122: 9.783284, 0.67521864, 0.04235884
20131001_052943_178: 9.789441, 0.53520435, 0.22530484
20131001_052943_224: 9.792897, 0.27511284, 0.4402762
20131001_052943_272: 9.791654, 0.06693711, 0.5379995
20131001_052943_322: 9.788261, -0.09075579, 0.59336716
20131001_052943_372: 9.778328, -0.28026307, 0.69004035
20131001_052943_424: 9.778361, -0.28269905, 0.6885706
20131001_052943_473: 9.787068, -0.17669366, 0.5936802
20131001_052943_523: 9.792291, -0.06519143, 0.5264654
20131001_052943_575: 9.7975, 0.093307234, 0.4131173
20131001_052943_622: 9.799042, 0.07162205, 0.37957245
20131001_052943_673: 9.793479, -0.018740356, 0.5077613
20131001_052943_728: 9.792032, -0.031141281, 0.53434217
20131001_052943_772: 9.787006, 0.032911215, 0.61954004
20131001_052943_823: 9.795172, 0.16085136, 0.4462328
20131001_052943_872: 9.796929, 0.09890695, 0.4251745
20131001_052943_923: 9.790909, 0.0018278, 0.5554259
20131001_052943_973: 9.786675, -0.047424894, 0.62381494
20131001_052944_022: 9.791461, -0.0152791105, 0.545425
20131001_052944_073: 9.794492, -0.11391251, 0.47470427
20131001_052944_122: 9.78389, -0.2713111, 0.610164
20131001_052944_173: 9.7815895, -0.15345132, 0.6836416
20131001_052944_223: 9.789415, -0.0162953, 0.5809625
20131001_052944_291: 9.78919, 0.06949089, 0.5807766
20131001_052944_323: 9.777815, 0.21002778, 0.7215397
20131001_052944_373: 9.780636, 0.34787968, 0.62333155
20131001_052944_423: 9.778911, 0.30177316, 0.6724571
20131001_052944_472: 9.7702875, 0.4001479, 0.74280196
20131001_052944_522: 9.770305, 0.46702716, 0.70245034
20131001_052944_573: 9.780167, 0.19939299, 0.6920795
20131001_052944_622: 9.77817, 0.11505408, 0.73792964
20131001_052944_674: 9.781257, 0.013915713, 0.70512253
20131001_052944_722: 9.775782, -0.23358636, 0.7415645
20131001_052944_772: 9.768053, -0.22510874, 0.839576
20131001_052944_823: 9.779707, -0.17396453, 0.7053151
20131001_052944_873: 9.779994, -0.1330138, 0.7102374
20131001_052944_924: 9.780099, 0.029666532, 0.7205571
20131001_052944_972: 9.783935, 0.07275807, 0.6631065
20131001_052945_023: 9.780549, 0.23463994, 0.6754516
20131001_052945_073: 9.783306, 0.172946, 0.6537687
20131001_052945_122: 9.782801, 0.2212316, 0.6467361
20131001_052945_173: 9.786166, 0.10284634, 0.6251088
20131001_052945_222: 9.784074, 0.07748218, 0.6605238
20131001_052945_272: 9.78613, -0.032152213, 0.6332798
20131001_052945_323: 9.781745, -0.07283844, 0.6946473
20131001_052945_375: 9.781007, -0.0980214, 0.70191467
20131001_052945_423: 9.778217, -0.11384558, 0.73750794
20131001_052945_472: 9.778427, -0.0612614, 0.7409578
20131001_052945_573: 9.771674, -0.040163375, 0.82654524
20131001_052945_623: 9.772912, -0.040921792, 0.8117425
20131001_052945_675: 9.76624, -0.13569003, 0.87895375
20131001_052945_772: 9.75837, -0.14911738, 0.9604078
20131001_052945_823: 9.7463255, -0.19675942, 1.0680971
20131001_052945_872: 9.738363, -0.17250118, 1.1423256
20131001_052945_923: 9.731319, -0.10801322, 1.2083582
20131001_052945_985: 9.718524, -0.085234985, 1.3089836
20131001_052946_022: 9.7011795, -0.17556934, 1.4236219
20131001_052946_073: 9.700093, -0.16288462, 1.4324975
20131001_052946_122: 9.705532, -0.13610417, 1.3980337
20131001_052946_173: 9.705537, -0.10007483, 1.4010489
20131001_052946_222: 9.704509, -0.1724632, 1.4011215
20131001_052946_274: 9.712266, -0.16678865, 1.347027
20131001_052946_322: 9.707829, -0.2405296, 1.3677006
20131001_052946_372: 9.713201, -0.21445349, 1.333466
20131001_052946_423: 9.710541, -0.2822402, 1.3402017
20131001_052946_473: 9.706126, -0.23410921, 1.380828
20131001_052946_523: 9.705783, -0.21977176, 1.3855985
20131001_052946_591: 9.707588, -0.21562369, 1.3735496
20131001_052946_624: 9.711257, -0.13020605, 1.3582851
20131001_052946_673: 9.708803, -0.12483459, 1.3762143
20131001_052946_724: 9.69729, -0.042871173, 1.4598315
20131001_052946_774: 9.683789, -0.06698767, 1.5460137
20131001_052946_823: 9.681117, -0.12413316, 1.5591505
20131001_052946_873: 9.679214, -0.23208413, 1.5586408
20131001_052946_923: 9.679403, -0.2093892, 1.5606788
20131001_052946_973: 9.664656, -0.2289999, 1.6469389
20131001_052947_022: 9.657753, -0.17055589, 1.6938534
20131001_052947_073: 9.659773, -0.114717096, 1.6870131
20131001_052947_135: 9.661173, -0.106621765, 1.6795243
20131001_052947_173: 9.665314, 0.036182784, 1.6585449
20131001_052947_223: 9.678352, 0.024267888, 1.5809124
20131001_052947_273: 9.6754055, 0.0404647, 1.5985237
20131001_052947_323: 9.674451, -0.07449965, 1.6030742
20131001_052947_372: 9.67942, -0.18499796, 1.5636597
20131001_052947_423: 9.675931, -0.30630058, 1.5661862
20131001_052947_472: 9.666843, -0.3925655, 1.6026254
20131001_052947_522: 9.66771, -0.34140667, 1.6091136
20131001_052947_573: 9.673742, -0.33440703, 1.5739341
20131001_052947_622: 9.681399, -0.298309, 1.533597
20131001_052947_677: 9.682324, -0.30168694, 1.5270836
20131001_052947_723: 9.679671, -0.26622546, 1.5503129
20131001_052947_772: 9.676147, -0.24613106, 1.5754263
20131001_052947_823: 9.677031, -0.28633127, 1.5631626
20131001_052947_872: 9.671055, -0.31065497, 1.5951785
20131001_052947_923: 9.665524, -0.4037436, 1.6078051
20131001_052947_975: 9.670146, -0.3604919, 1.590191
20131001_052948_022: 9.656493, -0.4823916, 1.6400727
20131001_052948_072: 9.653069, -0.4504162, 1.6690617
20131001_052948_122: 9.647743, -0.46647477, 1.6952431
20131001_052948_173: 9.654686, -0.30783582, 1.6919445
20131001_052948_222: 9.657253, -0.31294018, 1.6762742
20131001_052948_272: 9.66787, -0.13921967, 1.6380796
20131001_052948_322: 9.668382, -0.19626667, 1.629198
20131001_052948_372: 9.663238, -0.21544513, 1.6570482
20131001_052948_423: 9.658719, -0.28766075, 1.6723635
20131001_052949_460: 9.645361, -0.31732467, 1.7426105
20131001_052949_469: 9.662709, -0.31380057, 1.6443776
20131001_052949_496: 9.66249, -0.31316668, 1.6457877
20131001_052949_503: 9.669475, -0.38866264, 1.58764
20131001_052949_509: 9.661026, -0.47144058, 1.6163948
20131001_052949_514: 9.667518, -0.461459, 1.5800455
20131001_052949_519: 9.669671, -0.43405047, 1.5746213
20131001_052949_525: 9.678232, -0.33697513, 1.5455265
20131001_052949_536: 9.677484, -0.38893443, 1.5379978
20131001_052949_554: 9.688985, -0.31863517, 1.4806895
20131001_052949_560: 9.685799, -0.462811, 1.4633795
20131001_052949_564: 9.685919, -0.47702685, 1.4580168
20131001_052949_568: 9.677176, -0.6641341, 1.442759
20131001_052949_572: 9.677686, -0.6821113, 1.4309145
20131001_052949_578: 9.674762, -0.7747706, 1.4032558
20131001_052949_586: 9.663961, -0.8060408, 1.4589611
20131001_052949_594: 9.658856, -0.9079659, 1.432655
20131001_052949_598: 9.636474, -0.99612933, 1.5220124
20131001_052949_602: 9.631546, -0.9878169, 1.5581799
20131001_052949_605: 9.6161375, -1.1090134, 1.571747
20131001_052949_609: 9.633848, -0.9214283, 1.5843992
20131001_052949_615: 9.629001, -0.95200354, 1.5957465
20131001_052949_620: 9.634904, -0.85316175, 1.6159021
20131001_052949_639: 9.627579, -0.91261435, 1.6270354
20131001_052949_674: 9.61655, -0.9506012, 1.6699405
20131001_052949_722: 9.626467, -0.83148444, 1.676355
20131001_052949_772: 9.606278, -0.9570596, 1.724489
20131001_052949_822: 9.61009, -0.8417855, 1.7629437
20131001_052949_872: 9.595729, -0.9306281, 1.7961911
20131001_052949_924: 9.589187, -0.9596698, 1.8157463
20131001_052950_022: 9.587997, -0.9104218, 1.847119
20131001_052950_073: 9.567389, -1.0410496, 1.88459
20131001_052950_122: 9.553959, -1.0988877, 1.9195588
20131001_052950_174: 9.523126, -1.1755004, 2.0245168
20131001_052950_222: 9.524602, -1.206433, 1.999218
20131001_052950_272: 9.487552, -1.3559251, 2.078037
20131001_052950_323: 9.507135, -1.2467479, 2.0567844
20131001_052950_372: 9.50993, -1.2767142, 2.0252407
20131001_052950_428: 9.514301, -1.243044, 2.02567
20131001_052950_472: 9.514514, -1.280641, 2.0010986
20131001_052950_522: 9.535501, -1.1947695, 1.9537481
20131001_052950_573: 9.541637, -1.2363275, 1.8971164
20131001_052950_622: 9.567323, -1.1759709, 1.8038387
20131001_052950_675: 9.573858, -1.2313533, 1.7307214
20131001_052950_727: 9.600567, -1.1232748, 1.6546266
20131001_052950_772: 9.603458, -1.2115701, 1.5735534
20131001_052950_823: 9.624117, -1.1501418, 1.4912832
20131001_052950_872: 9.620287, -1.2258204, 1.4552786
20131001_052950_925: 9.627061, -1.2201371, 1.4146982
20131001_052950_972: 9.628354, -1.3068919, 1.3255996
20131001_052951_023: 9.643042, -1.2655656, 1.2571888
20131001_052951_073: 9.658268, -1.2823592, 1.1152573
20131001_052951_122: 9.673523, -1.2939447, 0.9586802
20131001_052951_176: 9.696415, -1.2089477, 0.829678
20131001_052951_222: 9.693914, -1.3173765, 0.6804113
20131001_052951_272: 9.714875, -1.2035525, 0.58572745
20131001_052951_323: 9.705769, -1.3115324, 0.49833152
20131001_052951_372: 9.71972, -1.2287934, 0.4330305
20131001_052951_425: 9.717783, -1.261825, 0.37800038
20131001_052951_472: 9.712898, -1.2997888, 0.3749062
20131001_052951_522: 9.718802, -1.276255, 0.29401714
20131001_052951_573: 9.717008, -1.2779055, 0.34221068
20131001_052951_636: 9.726707, -1.2113485, 0.30695027
20131001_052951_674: 9.712201, -1.338246, 0.22948097
20131001_052951_722: 9.725631, -1.2422736, 0.19823973
20131001_052951_772: 9.707046, -1.3935493, 0.040988136
20131001_052951_823: 9.681887, -1.5580302, -0.063334405
20131001_052951_872: 9.690657, -1.4837264, -0.24521542
20131001_052951_924: 9.656569, -1.6421386, -0.4737316
20131001_052951_972: 9.70842, -1.3081229, -0.45363137
20131001_052952_022: 9.690688, -1.3479263, -0.6663643
20131001_052952_073: 9.687219, -1.3347052, -0.7394412
20131001_052952_122: 9.688677, -1.2418638, -0.87046885
20131001_052952_178: 9.681142, -1.2485359, -0.9418296
20131001_052952_222: 9.672875, -1.2193115, -1.0578961
20131001_052952_272: 9.644782, -1.3831252, -1.1115476
20131001_052952_323: 9.622175, -1.4671015, -1.1965718
20131001_052952_372: 9.606512, -1.4836551, -1.2977315
20131001_052952_422: 9.586834, -1.4924823, -1.4267037
20131001_052952_475: 9.626777, -1.4063787, -1.2319474
20131001_052952_522: 9.605316, -1.5672418, -1.2050127
20131001_052952_574: 9.60047, -1.7254463, -1.0120336
20131001_052952_623: 9.574933, -1.8918332, -0.95498747
20131001_052952_673: 9.564754, -2.0041726, -0.81801677
20131001_052952_723: 9.552396, -2.05578, -0.8342054
20131001_052952_773: 9.567952, -1.9575673, -0.89029026
20131001_052952_823: 9.632301, -1.6602308, -0.79547703
20131001_052952_872: 9.666239, -1.4019264, -0.87682784
20131001_052952_922: 9.682638, -1.2572294, -0.91447926
20131001_052952_972: 9.667554, -1.2294137, -1.09424
20131001_052953_024: 9.646104, -1.2950182, -1.2024896
20131001_052953_073: 9.635611, -1.3886347, -1.181988
20131001_052953_122: 9.617919, -1.5078479, -1.1800141
20131001_052953_172: 9.570826, -1.7740383, -1.1926789
20131001_052953_221: 9.543798, -1.9017669, -1.2122648
20131001_052953_272: 9.642224, -1.4897414, -0.9892203
20131001_052953_325: 9.7011, -1.1814868, -0.8143521
20131001_052953_373: 9.699533, -1.1379212, -0.8914058
20131001_052953_422: 9.704405, -1.1072909, -0.8768404
20131001_052953_472: 9.692654, -1.1685694, -0.92591774
20131001_052953_522: 9.679153, -1.2138466, -1.0054706
20131001_052953_573: 9.676204, -1.3437401, -0.8578169
20131001_052953_623: 9.6734705, -1.430425, -0.740427
20131001_052953_672: 9.663354, -1.5291479, -0.672092
20131001_052953_722: 9.645556, -1.682019, -0.55175126
20131001_052953_772: 9.692664, -1.3935049, -0.52993983
20131001_052954_293: 9.741238, -0.9974317, -0.5327236
20131001_052954_319: 9.743716, -0.9367194, -0.59406567
20131001_052954_328: 9.728016, -1.0540832, -0.6519339
20131001_052954_349: 9.700486, -1.1926634, -0.80530286
20131001_052954_355: 9.671018, -1.427776, -0.7766966
20131001_052954_361: 9.675572, -1.5025594, -0.54407007
20131001_052954_367: 9.704638, -1.3408222, -0.43888506
20131001_052954_373: 9.694427, -1.361514, -0.57859486
20131001_052954_382: 9.688061, -1.4078914, -0.57418436
20131001_052954_388: 9.7383995, -0.9976541, -0.5819433
20131001_052954_401: 9.74447, -0.80184424, -0.75681907
20131001_052954_408: 9.724699, -0.9096485, -0.8792948
20131001_052954_422: 9.706663, -1.1211157, -0.8331804
20131001_052954_472: 9.7238865, -0.9309455, -0.86589557
20131001_052954_523: 9.708047, -1.0246903, -0.93499744
20131001_052954_573: 9.715895, -0.9131322, -0.96849406
20131001_052954_622: 9.697579, -0.93857497, -1.1164302
20131001_052954_672: 9.6957855, -0.8578455, -1.1942548
20131001_052954_722: 9.69048, -0.8161583, -1.2644573
20131001_052954_772: 9.668544, -0.8705621, -1.389882
20131001_052954_823: 9.631544, -0.97934014, -1.5635353
20131001_052954_872: 9.629656, -0.96075934, -1.5865234
20131001_052954_922: 9.625566, -0.9145017, -1.6378578
20131001_052954_972: 9.639796, -0.7442945, -1.6403488
20131001_052955_022: 9.636405, -0.6264128, -1.708132
20131001_052955_073: 9.641495, -0.5369348, -1.7098744
20131001_052955_124: 9.635178, -0.47595632, -1.7627255
20131001_052955_172: 9.634292, -0.35398412, -1.7959696
20131001_052955_222: 9.625521, -0.19797377, -1.8656229
20131001_052955_272: 9.620268, -0.10567425, -1.8999151
20131001_052955_323: 9.625488, 0.067254215, -1.875053
20131001_052955_372: 9.625996, 0.21303894, -1.8615129
20131001_052955_425: 9.637779, 0.24963674, -1.7947915
20131001_052955_473: 9.641383, 0.32154286, -1.7637261
20131001_052955_522: 9.640124, 0.33828503, -1.7674639
20131001_052955_573: 9.641303, 0.35013506, -1.7587124
20131001_052955_622: 9.64314, 0.3508987, -1.7484654
20131001_052955_672: 9.621539, 0.4992004, -1.8295267
20131001_052955_723: 9.635699, 0.6089713, -1.7183883
20131001_052955_772: 9.646686, 0.6904127, -1.6233275
20131001_052955_872: 9.640776, 0.73294693, -1.6397094
20131001_052955_922: 9.659718, 0.75612205, -1.5127879
20131001_052955_972: 9.6655245, 0.7451108, -1.4808176
20131001_052956_022: 9.657199, 0.7075974, -1.5518426
20131001_052956_122: 9.647204, 0.76862, -1.5846368
20131001_052956_172: 9.658564, 0.691578, -1.5505621
20131001_052956_222: 9.644772, 0.7441224, -1.6109154
20131001_052956_272: 9.628346, 0.7925293, -1.6844095
20131001_052956_322: 9.652228, 0.72179484, -1.576042
20131001_052956_372: 9.687138, 0.6585724, -1.3769675
20131001_052956_422: 9.701209, 0.59032327, -1.3070745
20131001_052956_472: 9.721668, 0.56841975, -1.156054
20131001_052956_522: 9.726628, 0.5741317, -1.1106098
20131001_052956_574: 9.733391, 0.6453122, -1.007503
20131001_052956_622: 9.7501745, 0.6830495, -0.79869217
20131001_052956_672: 9.749604, 0.6121496, -0.860724
20131001_052956_722: 9.743427, 0.7488079, -0.82178694
20131001_052956_772: 9.736568, 0.8592326, -0.7945783
20131001_052956_822: 9.767646, 0.6870596, -0.5398299
20131001_052956_875: 9.781792, 0.55249655, -0.42625266
20131001_052956_922: 9.775951, 0.5788249, -0.51589787
20131001_052956_972: 9.771969, 0.62860155, -0.5328116
20131001_052957_073: 9.769593, 0.6923168, -0.49612787
20131001_052957_122: 9.763957, 0.76819533, -0.49539575
20131001_052957_172: 9.758862, 0.8475857, -0.4654323
20131001_052957_222: 9.767554, 0.769296, -0.41648033
20131001_052957_272: 9.766981, 0.7263193, -0.49892977
20131001_052957_322: 9.762643, 0.7850784, -0.4947966
20131001_052957_372: 9.753004, 0.81595546, -0.6192749
20131001_052957_422: 9.750594, 0.78817284, -0.6892478
20131001_052957_473: 9.7478895, 0.7668083, -0.74904287
20131001_052957_522: 9.733154, 0.82185477, -0.872166
20131001_052957_573: 9.720662, 0.8312182, -0.99407125
20131001_052957_622: 9.70804, 0.9874387, -0.9743343
20131001_052957_672: 9.727141, 0.90720516, -0.8544737
20131001_052957_722: 9.740486, 0.84349316, -0.76277655
20131001_052957_772: 9.734557, 0.9874156, -0.6586387
20131001_052957_822: 9.728083, 1.0378972, -0.6764602
20131001_052957_872: 9.731842, 0.94571316, -0.753174
20131001_052957_922: 9.721976, 0.97268945, -0.8410852
20131001_052957_972: 9.716948, 0.923264, -0.9481062
20131001_052958_038: 9.746323, 0.77935505, -0.75642776
20131001_052958_074: 9.7375145, 0.9034043, -0.7315014
20131001_052958_123: 9.734685, 0.9059712, -0.7652038
20131001_052958_173: 9.728126, 0.83716923, -0.91274995
20131001_052958_223: 9.7049885, 0.9099834, -1.074958
20131001_052958_272: 9.697506, 0.8208818, -1.2062019
20131001_052958_325: 9.687745, 0.7880618, -1.3026749
20131001_052958_373: 9.695903, 0.6951406, -1.294863
20131001_052958_422: 9.693386, 0.74103814, -1.2882334
20131001_052958_473: 9.685438, 0.7571102, -1.3377123
20131001_052958_522: 9.686328, 0.66900545, -1.3776354
20131001_052958_573: 9.66397, 0.77763855, -1.474244
20131001_052958_628: 9.679646, 0.7941946, -1.357973
20131001_052958_672: 9.681882, 0.7951959, -1.3413553
20131001_052958_723: 9.676337, 0.83577514, -1.3566064
20131001_052958_772: 9.666663, 0.9572107, -1.3452742
20131001_052958_823: 9.659045, 0.9855332, -1.3791236
20131001_052958_872: 9.667862, 0.8452599, -1.410098
20131001_052958_923: 9.682663, 0.6897312, -1.3930933
20131001_052958_973: 9.695408, 0.6608663, -1.3163393
20131001_052959_022: 9.694386, 0.6462796, -1.331028
20131001_052959_073: 9.687768, 0.6902195, -1.3568758
20131001_052959_122: 9.673115, 0.80772334, -1.3960017
20131001_052959_184: 9.687423, 0.78215283, -1.308618
20131001_052959_223: 9.693191, 0.69842505, -1.3132495
20131001_052959_272: 9.707059, 0.60044926, -1.258122
20131001_052959_571: 9.706676, 0.5494433, -1.2841082
20131001_052959_579: 9.713831, 0.47790453, -1.2583724
20131001_052959_587: 9.720887, 0.47627342, -1.2032994
20131001_052959_607: 9.71826, 0.5443205, -1.1956316
20131001_052959_622: 9.726968, 0.51363486, -1.1369597
20131001_052959_630: 9.727237, 0.5430124, -1.1208836
20131001_052959_672: 9.728181, 0.4929653, -1.1357366
20131001_052959_722: 9.732643, 0.5064286, -1.0906875
20131001_052959_772: 9.731339, 0.53145313, -1.0904045
20131001_052959_836: 9.7355795, 0.606243, -1.0106097
20131001_052959_872: 9.738641, 0.6418427, -0.9577687
20131001_052959_922: 9.744814, 0.5290651, -0.96391344
20131001_052959_972: 9.751451, 0.47020403, -0.9265689
20131001_053000_023: 9.760211, 0.37128013, -0.8779896
20131001_053000_073: 9.757373, 0.41140902, -0.8915368
20131001_053000_124: 9.753937, 0.49422905, -0.88706195
20131001_053000_172: 9.753167, 0.48540482, -0.9002818
20131001_053000_222: 9.739452, 0.5337541, -1.0141847
20131001_053000_272: 9.752728, 0.3435086, -0.9678125
20131001_053000_323: 9.752036, 0.19850597, -1.0142717
20131001_053000_373: 9.7590885, 0.10182342, -0.9592826
20131001_053000_425: 9.764355, 0.059038173, -0.9078937
20131001_053000_473: 9.759869, -0.07109248, -0.95409554
20131001_053000_523: 9.758465, -0.1075836, -0.9649913
20131001_053000_573: 9.761684, 0.0025397476, -0.93803257
20131001_053000_621: 9.765089, -0.05398264, -0.90029114
20131001_053000_672: 9.765685, -0.040934946, -0.8944965
20131001_053000_725: 9.760902, -0.07171032, -0.94344026
20131001_053000_772: 9.758885, -0.1758388, -0.9506039
20131001_053000_823: 9.7668295, -0.16732933, -0.8668565
20131001_053000_872: 9.780949, -0.1306576, -0.69740826
20131001_053000_922: 9.782963, -0.22039603, -0.64456135
20131001_053000_972: 9.792465, -0.1492983, -0.50569296
20131001_053001_035: 9.79353, 0.025797874, -0.506445
20131001_053001_073: 9.797115, 0.15042818, -0.40529668
20131001_053001_122: 9.792002, 0.23860389, -0.47973582
20131001_053001_172: 9.785353, 0.29603288, -0.57411623
20131001_053001_223: 9.780245, 0.27691257, -0.66371876
20131001_053001_272: 9.765698, 0.3151783, -0.83797
20131001_053001_326: 9.752476, 0.3783438, -0.957325
20131001_053001_373: 9.757292, 0.30722967, -0.9334052
20131001_053001_422: 9.759606, 0.2679998, -0.92122465
20131001_053001_473: 9.758328, 0.23865767, -0.94259006
20131001_053001_522: 9.769358, 0.18245997, -0.8347236
20131001_053001_574: 9.772614, 0.17664544, -0.79700524
20131001_053001_623: 9.764808, 0.03559563, -0.90423024
20131001_053001_672: 9.770704, -0.035668693, -0.83814186
20131001_053001_723: 9.774736, 0.042922027, -0.78937113
20131001_053001_772: 9.785735, 0.099730544, -0.63233435
20131001_053001_823: 9.787618, 0.093321845, -0.60350776
20131001_053001_872: 9.7948, 0.18192075, -0.44629678
20131001_053001_923: 9.7932415, -0.02489508, -0.51204616
20131001_053001_973: 9.789237, 0.058689214, -0.5812138
20131001_053002_022: 9.7780485, 0.11802345, -0.7390809
20131001_053002_073: 9.768867, 0.0877984, -0.85553575
20131001_053002_122: 9.758796, 0.029653672, -0.9671821
20131001_053002_172: 9.75256, -0.043977965, -1.0276506
20131001_053002_223: 9.753215, -0.10756547, -1.0166631
20131001_053002_272: 9.756757, -0.10052052, -0.9828467
20131001_053002_323: 9.758165, -0.17366993, -0.9583456
20131001_053002_372: 9.753817, -0.2429995, -0.98711956
20131001_053002_422: 9.750037, -0.3137655, -1.004345
20131001_053002_472: 9.757527, -0.2953446, -0.93480307
20131001_053002_523: 9.755015, -0.3292942, -0.94955057
20131001_053002_574: 9.755299, -0.37833413, -0.928136
20131001_053002_622: 9.74602, -0.41612554, -1.0061545
20131001_053002_672: 9.747247, -0.38049805, -1.0083698
20131001_053002_722: 9.746494, -0.37542936, -1.017491
20131001_053002_772: 9.742669, -0.44824588, -1.0246377
20131001_053002_836: 9.739784, -0.4694731, -1.0423943
20131001_053002_872: 9.743263, -0.48398706, -1.002496
20131001_053002_922: 9.748302, -0.45593643, -0.9659727
20131001_053002_972: 9.73954, -0.47901833, -1.0403347
20131001_053003_023: 9.742461, -0.47575173, -1.0141425
20131001_053003_077: 9.738581, -0.48678428, -1.0457017
20131001_053003_122: 9.735217, -0.5070073, -1.0671979
20131001_053003_172: 9.739901, -0.47081515, -1.040714
20131001_053003_222: 9.743086, -0.38040772, -1.0478354
20131001_053003_272: 9.742547, -0.37009647, -1.0565201
20131001_053003_325: 9.746151, -0.3304612, -1.0362147
20131001_053003_374: 9.744735, -0.22793636, -1.0763681
20131001_053003_422: 9.744569, -0.2758505, -1.0666183
20131001_053003_472: 9.753399, -0.25995442, -0.98693335
20131001_053003_522: 9.752786, -0.27698272, -0.98834765
20131001_053003_577: 9.753823, -0.24858226, -0.98567754
20131001_053003_622: 9.74747, -0.0913637, -1.0718662
20131001_053003_677: 9.750681, -0.0013198504, -1.046241
20131001_053003_723: 9.751053, 0.008655893, -1.0427386
20131001_053003_773: 9.738034, 0.16307548, -1.1465137
20131001_053003_825: 9.735201, 0.19578853, -1.1652935
20131001_053003_872: 9.742431, 0.23736265, -1.095027
20131001_053003_922: 9.738232, 0.31793928, -1.1118069
20131001_053003_975: 9.741604, 0.30898646, -1.084485
20131001_053004_022: 9.743428, 0.30531976, -1.0689892
20131001_053004_076: 9.735456, 0.34389675, -1.128281
20131001_053004_121: 9.739468, 0.3490338, -1.0914993
20131001_053004_172: 9.746105, 0.3185045, -1.0403718
20131001_053004_222: 9.741554, 0.37805298, -1.0628114
20131001_053004_285: 9.735648, 0.42532238, -1.0984803
20131001_053004_594: 9.740698, 0.4059411, -1.0603786
20131001_053004_600: 9.731088, 0.44750676, -1.1296397
20131001_053004_606: 9.727219, 0.51719755, -1.1332117
20131001_053004_610: 9.735696, 0.45501435, -1.0860858
20131001_053004_614: 9.734698, 0.46501815, -1.0907868
20131001_053004_630: 9.741404, 0.4332222, -1.0429683
20131001_053004_636: 9.738475, 0.42217416, -1.0743656
20131001_053004_671: 9.7366, 0.45182782, -1.0792937
20131001_053004_722: 9.741095, 0.41617256, -1.0527412
20131001_053004_772: 9.738519, 0.45086044, -1.0622587
20131001_053004_825: 9.733724, 0.5349752, -1.0671403
20131001_053004_872: 9.731983, 0.53544486, -1.0826684
20131001_053004_924: 9.734133, 0.5165066, -1.0725062
20131001_053004_973: 9.741869, 0.44015932, -1.0356985
20131001_053005_022: 9.740416, 0.4265835, -1.0548513
20131001_053005_075: 9.742032, 0.35486034, -1.0664341
20131001_053005_122: 9.742336, 0.38590604, -1.0527933
20131001_053005_223: 9.740924, 0.44494712, -1.0425038
20131001_053005_272: 9.737008, 0.4658818, -1.0695868
20131001_053005_325: 9.7338085, 0.47251844, -1.095492
20131001_053005_372: 9.714826, 0.59715515, -1.1983147
20131001_053005_422: 9.722622, 0.55041736, -1.1567601
20131001_053005_475: 9.713653, 0.60014355, -1.2063115
20131001_053005_522: 9.720274, 0.6197756, -1.141289
20131001_053005_579: 9.707527, 0.69176036, -1.2065593
20131001_053005_622: 9.697119, 0.7618413, -1.2473469
20131001_053005_672: 9.685931, 0.77814215, -1.3219801
20131001_053005_722: 9.679062, 0.8094892, -1.3530986
20131001_053005_773: 9.678889, 0.78515434, -1.3685876
20131001_053005_821: 9.680068, 0.7305039, -1.3903291
20131001_053005_872: 9.693807, 0.6215078, -1.3469366
20131001_053005_922: 9.705011, 0.5673282, -1.2889029
20131001_053005_973: 9.717716, 0.5621403, -1.1917846
20131001_053006_023: 9.70462, 0.6279861, -1.2634763
20131001_053006_077: 9.720423, 0.55966246, -1.1707023
20131001_053006_123: 9.738152, 0.39108402, -1.0889676
20131001_053006_172: 9.744343, 0.35302317, -1.0457354
20131001_053006_223: 9.744996, 0.30131403, -1.0557647
20131001_053006_272: 9.737162, 0.33471477, -1.1162635
20131001_053006_322: 9.744731, 0.34432694, -1.0450182
20131001_053006_373: 9.745976, 0.32410395, -1.0398586
20131001_053006_422: 9.742014, 0.3858733, -1.0557673
20131001_053006_473: 9.740104, 0.3648942, -1.0805662
20131001_053006_522: 9.750149, 0.22933191, -1.0258578
20131001_053006_573: 9.749329, 0.21312779, -1.0371084
20131001_053006_622: 9.7444, 0.2299363, -1.0789769
20131001_053006_672: 9.744833, 0.25477645, -1.0694418
20131001_053006_723: 9.75229, 0.21507952, -1.0084628
20131001_053006_772: 9.749353, 0.25400895, -1.0276208
20131001_053006_822: 9.752876, 0.2756304, -0.9878356
20131001_053006_872: 9.761857, 0.3302844, -0.8760475
20131001_053006_924: 9.742578, 0.4227651, -1.0362749
20131001_053006_973: 9.73526, 0.5249904, -1.05807
20131001_053007_022: 9.730892, 0.5409519, -1.0897318
20131001_053007_072: 9.700791, 0.69135934, -1.2597879
20131001_053007_122: 9.678253, 0.7945196, -1.3676804
20131001_053007_172: 9.684076, 0.8599571, -1.2843536
20131001_053007_225: 9.678927, 0.8986881, -1.2965769
20131001_053007_276: 9.681435, 0.9401564, -1.2475367
20131001_053007_321: 9.686114, 0.9732591, -1.1842233
20131001_053007_371: 9.69252, 0.9886866, -1.1171234
20131001_053007_422: 9.685534, 0.9756544, -1.1869886
20131001_053007_473: 9.683469, 1.0274531, -1.1598189
20131001_053007_525: 9.680521, 1.057529, -1.1574036
20131001_053007_573: 9.676897, 1.0618845, -1.1834291
20131001_053007_622: 9.6647215, 1.0917802, -1.2536154
20131001_053007_672: 9.657091, 1.1504925, -1.2598898
20131001_053007_722: 9.64571, 1.1194159, -1.3702514
20131001_053007_772: 9.6220665, 1.2109727, -1.4559447
20131001_053007_836: 9.623549, 1.2356658, -1.4250743
20131001_053007_873: 9.629252, 1.2634706, -1.3607022
20131001_053007_922: 9.602691, 1.392612, -1.4210429
20131001_053007_972: 9.615953, 1.4016649, -1.318772
20131001_053008_023: 9.607363, 1.4596988, -1.3184245
20131001_053008_071: 9.600586, 1.4772152, -1.3479531
20131001_053008_124: 9.593677, 1.5242382, -1.34479
20131001_053008_173: 9.606585, 1.4701012, -1.3125287
20131001_053008_225: 9.5912, 1.4963144, -1.3929526
20131001_053008_273: 9.59998, 1.489363, -1.3388577
20131001_053008_323: 9.601209, 1.4553807, -1.3671421
20131001_053008_422: 9.607072, 1.430954, -1.351637
20131001_053008_473: 9.632279, 1.3157085, -1.2878358
20131001_053008_523: 9.622981, 1.3552865, -1.3159859
20131001_053008_573: 9.634943, 1.293395, -1.2905034
20131001_053008_622: 9.621338, 1.2852546, -1.3958342
20131001_053008_674: 9.649753, 1.1645421, -1.3024986
20131001_053008_724: 9.680944, 0.9127122, -1.2714877
20131001_053008_772: 9.677161, 0.9077228, -1.3034567
20131001_053008_822: 9.677597, 0.95988053, -1.2621824
20131001_053008_872: 9.692226, 0.9343498, -1.1653894
20131001_053008_921: 9.687128, 0.9561311, -1.1898496
20131001_053008_973: 9.681074, 0.99299926, -1.2087834
20131001_053009_030: 9.678969, 0.99827516, -1.2212164
20131001_053009_072: 9.672047, 1.1465739, -1.143385
20131001_053009_122: 9.66609, 1.0836694, -1.2501059
20131001_053009_172: 9.693598, 0.8450416, -1.2208573
20131001_053009_223: 9.714634, 0.7766528, -1.0922949
20131001_053009_272: 9.717502, 0.7524138, -1.0837129
20131001_053009_325: 9.7348, 0.68427116, -0.9673767
20131001_053010_717: 9.731573, 0.71131784, -0.98026574
20131001_053010_723: 9.729626, 0.77897304, -0.94762194
20131001_053010_728: 9.744533, 0.63564503, -0.9002438
20131001_053010_737: 9.761139, 0.47007105, -0.81830525
20131001_053010_749: 9.766879, 0.3404878, -0.81396896
20131001_053010_756: 9.765445, 0.42299366, -0.7921926
20131001_053010_765: 9.768085, 0.37904024, -0.78182054
20131001_053010_770: 9.771143, 0.24312662, -0.79755354
20131001_053010_776: 9.76971, 0.16809769, -0.8336124
20131001_053010_782: 9.769856, 0.12730156, -0.8391186
20131001_053010_787: 9.767244, 0.20347968, -0.85435593
20131001_053010_797: 9.77196, 0.14750703, -0.81082946
20131001_053010_805: 9.776123, 0.0380854, -0.7722402
20131001_053010_820: 9.772724, -0.002970248, -0.8150214
20131001_053010_824: 9.769369, 0.008212533, -0.8542451
20131001_053010_831: 9.769239, 0.05754326, -0.85384244
20131001_053010_840: 9.769457, 4.892448E-4, -0.8533017
20131001_053010_845: 9.762272, -0.10397651, -0.9260639
20131001_053010_851: 9.759792, -0.16686551, -0.9428709
20131001_053010_858: 9.753268, -0.21147622, -0.9997175
20131001_053010_873: 9.750297, -0.30732262, -1.0038161
20131001_053010_878: 9.748869, -0.30879092, -1.0171368
20131001_053010_882: 9.74189, -0.3195584, -1.0788281
20131001_053010_889: 9.738416, -0.33066812, -1.1064868
20131001_053010_895: 9.730792, -0.3332406, -1.170926
20131001_053010_901: 9.732763, -0.37764528, -1.140655
20131001_053010_906: 9.731048, -0.41669863, -1.141684
20131001_053010_918: 9.731785, -0.41883275, -1.1346225
20131001_053010_923: 9.733014, -0.3946271, -1.1327491
20131001_053010_927: 9.737559, -0.4023121, -1.0901657
20131001_053010_933: 9.733013, -0.43025488, -1.1197006
20131001_053010_973: 9.73201, -0.51483196, -1.0923882
20131001_053011_023: 9.727373, -0.6302365, -1.0730238
20131001_053011_072: 9.720906, -0.6666697, -1.1090131
20131001_053011_122: 9.719384, -0.66403735, -1.1238419
20131001_053011_172: 9.7198, -0.7122244, -1.0902535
20131001_053011_223: 9.721727, -0.77027917, -1.0320214
20131001_053011_272: 9.723209, -0.8387132, -0.96235484
20131001_053011_322: 9.717184, -0.94301796, -0.9259774
20131001_053011_373: 9.709602, -1.0124542, -0.9321879
20131001_053011_423: 9.718222, -0.9875296, -0.86679924
20131001_053011_472: 9.7096405, -1.0322409, -0.90980834
20131001_053011_521: 9.705031, -1.0928925, -0.887873
20131001_053011_590: 9.704113, -1.0960563, -0.8939979
20131001_053011_622: 9.704075, -1.1333567, -0.84663874
20131001_053011_672: 9.698465, -1.1615102, -0.8723826
20131001_053011_723: 9.694556, -1.2274691, -0.82419837
20131001_053011_772: 9.679226, -1.3434546, -0.82348937
20131001_053011_822: 9.676869, -1.3731145, -0.80194974
20131001_053011_885: 9.683898, -1.3420612, -0.7690128
20131001_053011_922: 9.691211, -1.266367, -0.80444473
20131001_053011_973: 9.689238, -1.274692, -0.8149924
20131001_053012_022: 9.690386, -1.2357153, -0.86013067
20131001_053012_072: 9.693405, -1.208435, -0.86486125
20131001_053012_122: 9.701709, -1.1423577, -0.8615686
20131001_053012_175: 9.712152, -1.0458769, -0.8663947
20131001_053012_223: 9.713641, -0.9884265, -0.91572607
20131001_053012_272: 9.71049, -1.0016499, -0.9346108
20131001_053012_322: 9.717241, -0.98100895, -0.8849989
20131001_053012_372: 9.724451, -0.89939773, -0.89248985
20131001_053012_422: 9.72473, -0.8689783, -0.9191823
20131001_053012_474: 9.728756, -0.7632269, -0.9691218
20131001_053012_522: 9.724859, -0.77091163, -1.0015993
20131001_053012_573: 9.732363, -0.7749796, -0.92246526
20131001_053012_623: 9.719955, -0.8115692, -1.0169792
20131001_053012_672: 9.72822, -0.76433897, -0.9736174
20131001_053012_724: 9.7295065, -0.67414343, -1.0259689
20131001_053012_774: 9.731351, -0.56316346, -1.0742668
20131001_053012_822: 9.739706, -0.48730335, -1.0349054
20131001_053012_872: 9.739732, -0.48596713, -1.0352999
20131001_053012_922: 9.736006, -0.30702275, -1.1341602
20131001_053012_973: 9.737904, -0.2593588, -1.1297634
20131001_053013_025: 9.73213, -0.29370326, -1.1703697
20131001_053013_073: 9.74059, -0.20074002, -1.1184844
20131001_053013_123: 9.744551, -0.18517332, -1.0862086
20131001_053013_174: 9.7413645, -0.15618192, -1.1188339
20131001_053013_226: 9.743088, -0.14925182, -1.1047055
20131001_053013_274: 9.744736, -0.12754999, -1.0928242
20131001_053013_340: 9.7431345, -0.028752925, -1.1139474
20131001_053013_374: 9.74998, -0.033910453, -1.0522197
20131001_053013_424: 9.749357, -0.12970746, -1.050508
20131001_053013_476: 9.741161, -0.16352789, -1.1195716
20131001_053013_524: 9.730364, -0.09422698, -1.2171971
20131001_053013_575: 9.719381, -0.10921441, -1.3008149
20131001_053013_627: 9.7135105, -0.14607757, -1.3404409
20131001_053013_673: 9.713713, -0.1662047, -1.3366157
20131001_053013_724: 9.709173, -0.09028701, -1.3762989
20131001_053013_772: 9.693193, -0.0014209728, -1.4874157
20131001_053013_822: 9.70936, -0.050075408, -1.3770394
20131001_053013_873: 9.708078, -0.07950433, -1.3846619
20131001_053013_925: 9.718924, -0.03784896, -1.308238
20131001_053013_976: 9.718292, 0.016535249, -1.3133588
20131001_053014_021: 9.714729, 0.006236264, -1.3395532
20131001_053014_072: 9.722292, 0.11151918, -1.2786645
20131001_053014_124: 9.700203, 0.14681174, -1.4335046
20131001_053014_173: 9.7132635, 0.13517362, -1.343364
20131001_053014_229: 9.709292, 0.23782443, -1.3577447
20131001_053014_273: 9.695383, 0.30324528, -1.4415166
20131001_053014_325: 9.698024, 0.42746934, -1.3913968
20131001_053014_373: 9.701605, 0.42395696, -1.3672975
20131001_053014_423: 9.692726, 0.40040335, -1.4356755
20131001_053014_473: 9.678931, 0.53588444, -1.4837515
20131001_053014_539: 9.673268, 0.72221243, -1.4410756
20131001_053014_585: 9.6652975, 0.64136785, -1.53006
20131001_053014_622: 9.687775, 0.59928197, -1.39938
20131001_053014_673: 9.694461, 0.46183923, -1.4051831
20131001_053014_723: 9.693551, 0.6045622, -1.3564541
20131001_053014_772: 9.673338, 0.75158817, -1.4254881
20131001_053014_827: 9.681568, 0.6513497, -1.4189421
20131001_053014_872: 9.690465, 0.6094231, -1.3761811
20131001_053014_922: 9.706362, 0.4989888, -1.3068773
20131001_053014_973: 9.72168, 0.42754796, -1.2151242
20131001_053015_022: 9.712526, 0.4651786, -1.2731311
20131001_053015_072: 9.728794, 0.5623127, -1.0976197
20131001_053015_122: 9.720272, 0.5746116, -1.1647005
20131001_053015_172: 9.716795, 0.5780547, -1.19169
20131001_053015_223: 9.719712, 0.5357348, -1.1876807
20131001_053015_272: 9.714078, 0.5232646, -1.2382456
20131001_053015_322: 9.70864, 0.5760849, -1.2573069
20131001_053015_375: 9.7078085, 0.60726273, -1.2490362
20131001_053015_422: 9.702153, 0.61343706, -1.2893127
20131001_053015_473: 9.700095, 0.6829732, -1.26969
20131001_053015_524: 9.694595, 0.7143457, -1.2941976
20131001_053015_573: 9.692856, 0.70917237, -1.3099685
20131001_053015_707: 9.680693, 0.81163406, -1.3400928
20131001_053015_724: 9.680002, 0.80441844, -1.3494016
20131001_053015_731: 9.681765, 0.8364479, -1.3168819
20131001_053015_771: 9.687392, 0.7939368, -1.3017128
20131001_053015_822: 9.691234, 0.76960313, -1.2876605
20131001_053015_872: 9.691886, 0.74086165, -1.2995666
20131001_053015_922: 9.685243, 0.75857645, -1.3382897
20131001_053015_973: 9.681789, 0.77753043, -1.3523197
20131001_053016_023: 9.680231, 0.7888176, -1.3569436
20131001_053016_072: 9.687112, 0.764908, -1.321049
20131001_053016_122: 9.69634, 0.7105603, -1.2831583
20131001_053016_173: 9.699193, 0.6802929, -1.2779788
20131001_053016_223: 9.689736, 0.75363755, -1.3082199
20131001_053016_272: 9.684902, 0.79735684, -1.3180568
20131001_053016_323: 9.677977, 0.8642042, -1.3267663
20131001_053016_372: 9.680826, 0.8473653, -1.316806
20131001_053016_422: 9.672735, 0.89664197, -1.3433602
20131001_053016_522: 9.669684, 0.95120156, -1.3277065
20131001_053016_573: 9.673504, 0.9224463, -1.32015
20131001_053016_624: 9.683246, 0.9215011, -1.2473907
20131001_053016_672: 9.697007, 0.8255729, -1.2070091
20131001_053016_724: 9.719027, 0.77082247, -1.0567659
20131001_053016_772: 9.734059, 0.6892177, -0.9713319
20131001_053016_822: 9.742292, 0.64587533, -0.9170479
20131001_053016_872: 9.747547, 0.5897785, -0.8988287
20131001_053016_934: 9.7617445, 0.4997595, -0.79308164
20131001_053016_974: 9.769946, 0.40352556, -0.7454758
20131001_053017_022: 9.767361, 0.43233112, -0.76299137
20131001_053017_072: 9.766671, 0.4573618, -0.75719786
20131001_053017_123: 9.771978, 0.3789476, -0.7316095
20131001_053017_173: 9.778542, 0.28815702, -0.68375236
20131001_053017_225: 9.7779875, 0.27844927, -0.69557285
20131001_053017_273: 9.782153, 0.26665363, -0.6393556
20131001_053017_323: 9.785728, 0.24705783, -0.5906606
20131001_053017_373: 9.783921, 0.21756577, -0.6308292
20131001_053017_423: 9.7803545, 0.28652152, -0.658001
20131001_053017_474: 9.778027, 0.3059177, -0.6833739
20131001_053017_525: 9.776474, 0.28343204, -0.7145675
20131001_053017_577: 9.7751875, 0.257633, -0.7414426
20131001_053017_623: 9.77444, 0.22637714, -0.7612325
20131001_053017_673: 9.776415, 0.17643385, -0.7490046
20131001_053017_724: 9.775028, 0.099669166, -0.7805445
20131001_053017_772: 9.775932, 0.10228256, -0.76881844
20131001_053017_824: 9.776201, 0.12883769, -0.76136225
20131001_053017_872: 9.774844, 0.08900457, -0.78417003
20131001_053017_922: 9.777385, 0.095100835, -0.7510633
20131001_053017_974: 9.776543, 0.07070465, -0.7646008
20131001_053018_022: 9.778366, -0.0027411154, -0.7442925
20131001_053018_074: 9.777267, 0.0593015, -0.7562468
20131001_053018_123: 9.775693, -0.0710349, -0.77536744
20131001_053018_172: 9.775625, -0.12850364, -0.76880234
20131001_053018_224: 9.774385, -0.039741058, -0.7938535
20131001_053018_272: 9.76778, 0.028546296, -0.8718147
20131001_053018_322: 9.767503, 0.0042339843, -0.8753554
20131001_053018_375: 9.769931, -0.057955053, -0.84587014
20131001_053018_422: 9.765133, -0.059938338, -0.8994354
20131001_053018_475: 9.767711, -0.11715572, -0.86514
20131001_053018_522: 9.764349, -0.21769992, -0.88343793
20131001_053018_574: 9.76527, -0.13298428, -0.89006233
20131001_053018_622: 9.767153, -0.13924481, -0.86816525
20131001_053018_673: 9.764079, -0.2546189, -0.8765312
20131001_053018_725: 9.767991, -0.11500264, -0.86228144
20131001_053018_772: 9.770006, -0.17068361, -0.8296175
20131001_053018_822: 9.766089, -0.060156655, -0.88898444
20131001_053018_872: 9.768577, -0.11631928, -0.8554443
20131001_053018_922: 9.767366, -0.087489486, -0.87252253
20131001_053018_976: 9.767265, -0.22479747, -0.8487524
20131001_053019_022: 9.763866, -0.19214667, -0.89463973
20131001_053019_072: 9.764209, -0.25096008, -0.876156
20131001_053019_123: 9.762519, -0.15836714, -0.91572076
20131001_053019_172: 9.762947, -0.21111383, -0.90038323
20131001_053019_237: 9.767813, -0.14151333, -0.860342
20131001_053019_272: 9.76019, -0.13835225, -0.9433725
20131001_053019_322: 9.767307, -0.19418724, -0.8558146
20131001_053019_374: 9.764713, -0.028968614, -0.9055013
20131001_053019_422: 9.753596, -0.09252251, -1.0144801
20131001_053019_476: 9.764697, -0.06057868, -0.9041174
20131001_053019_525: 9.758137, 0.07579759, -0.97129244
20131001_053019_578: 9.750615, -0.09529256, -1.042507
20131001_053021_219: 9.759213, -0.17338498, -0.9476591
20131001_053021_229: 9.750871, 0.014320202, -1.0443645
20131001_053021_239: 9.7351675, 0.033067573, -1.181445
20131001_053021_247: 9.722423, -0.039170567, -1.2819228
20131001_053021_257: 9.723678, -0.082296595, -1.2703207
20131001_053021_273: 9.707371, 0.06289602, -1.39047
20131001_053021_280: 9.691808, 0.12131167, -1.4914912
20131001_053021_284: 9.676418, 0.031522974, -1.5925766
20131001_053021_289: 9.667745, 0.016811142, -1.6446351
20131001_053021_293: 9.664343, 0.049233694, -1.6638609
20131001_053021_297: 9.652181, -0.039936874, -1.7332717
20131001_053021_312: 9.666868, -0.078368895, -1.6480023
20131001_053021_316: 9.656736, -0.024090193, -1.7079903
20131001_053021_325: 9.643957, -0.057380762, -1.7779727
20131001_053021_330: 9.630306, -0.17697044, -1.8428949
20131001_053021_334: 9.607729, -0.1863561, -1.9563243
20131001_053021_338: 9.598531, -0.06045447, -2.0087225
20131001_053021_343: 9.591809, -0.18545419, -2.0330226
20131001_053021_360: 9.603032, -0.021541677, -1.9878865
20131001_053021_369: 9.605472, 0.057990417, -1.975341
20131001_053021_380: 9.603711, -0.12208032, -1.9809655
20131001_053021_385: 9.621161, -0.2425196, -1.882781
20131001_053021_390: 9.616754, 0.044395022, -1.920023
20131001_053021_395: 9.613291, -0.14368483, -1.9324589
20131001_053021_400: 9.608825, -0.28684565, -1.938713
20131001_053021_418: 9.621675, -0.33703855, -1.8655262
20131001_053021_424: 9.592951, -0.6478899, -1.9302676
20131001_053021_436: 9.5752325, -0.87606126, -1.9281718
20131001_053021_441: 9.591257, -0.81774586, -1.8733605
20131001_053021_446: 9.600962, -0.50078565, -1.9342064
20131001_053021_451: 9.60036, -0.52143735, -1.9317397
20131001_053021_456: 9.571809, -0.72374827, -2.006751
20131001_053021_463: 9.540408, -0.940235, -2.0656657
20131001_053021_470: 9.574142, -1.031649, -1.8552401
20131001_053021_486: 9.601642, -0.9465678, -1.7558141
20131001_053021_491: 9.610354, -1.0100837, -1.6706884
20131001_053021_496: 9.58606, -1.1762038, -1.7012974
20131001_053021_502: 9.559466, -1.3771026, -1.7001749
20131001_053021_522: 9.518473, -1.5947864, -1.7394664
20131001_053021_584: 9.485162, -1.8163793, -1.703786
20131001_053021_623: 9.437886, -1.9682059, -1.7952298
20131001_053021_672: 9.395959, -2.1944597, -1.7523335
20131001_053021_722: 9.361376, -2.3626022, -1.7184689
20131001_053021_772: 9.362086, -2.4750168, -1.5479116
20131001_053021_822: 9.320906, -2.6147861, -1.5665301
20131001_053021_876: 9.31993, -2.677086, -1.4637206
20131001_053021_922: 9.300609, -2.7108648, -1.523253
20131001_053021_973: 9.357496, -2.4689133, -1.5849746
20131001_053022_023: 9.3712, -2.3761683, -1.6446365
20131001_053022_072: 9.395624, -2.2472339, -1.6860075
20131001_053022_123: 9.395678, -2.2501745, -1.681778
20131001_053022_175: 9.391876, -2.3159635, -1.6122566
20131001_053022_222: 9.3855095, -2.3541825, -1.5938793
20131001_053022_272: 9.436858, -2.1525939, -1.5755682
20131001_053022_322: 9.438097, -2.1106224, -1.6241891
20131001_053022_373: 9.436825, -2.158398, -1.567814
20131001_053022_422: 9.428482, -2.1617973, -1.6126945
20131001_053022_475: 9.428211, -2.1400027, -1.6430528
20131001_053022_523: 9.41318, -2.2378254, -1.5982997
20131001_053022_573: 9.43013, -2.1433687, -1.6275715
20131001_053022_623: 9.4196415, -2.1709669, -1.651561
20131001_053022_672: 9.433632, -2.0990388, -1.664633
20131001_053022_722: 9.431714, -2.0929668, -1.683044
20131001_053022_773: 9.415422, -2.1308482, -1.7261817
20131001_053022_822: 9.404779, -2.1437414, -1.7677263
20131001_053022_873: 9.434197, -2.0214453, -1.7550144
20131001_053022_922: 9.422807, -2.078506, -1.7495632
20131001_053022_973: 9.419455, -2.0968063, -1.7457523
20131001_053023_022: 9.438537, -1.9734818, -1.7859982
20131001_053023_075: 9.440775, -1.9970863, -1.7475156
20131001_053023_123: 9.432876, -2.0306046, -1.7515459
20131001_053023_172: 9.448101, -1.8815789, -1.83397
20131001_053023_222: 9.467311, -1.7561932, -1.8590833
20131001_053023_272: 9.496249, -1.5801349, -1.869441
20131001_053023_322: 9.501547, -1.5864834, -1.8368605
20131001_053023_374: 9.484513, -1.706939, -1.8168011
20131001_053023_422: 9.49289, -1.716761, -1.7629975
20131001_053023_472: 9.458704, -1.9158953, -1.7414541
20131001_053023_522: 9.448923, -1.9498852, -1.7567551
20131001_053023_573: 9.446451, -1.9741321, -1.742911
20131001_053023_623: 9.425027, -2.069224, -1.7485812
20131001_053023_672: 9.424817, -2.090557, -1.7241777
20131001_053023_722: 9.443542, -1.9964837, -1.7331966
20131001_053023_772: 9.46724, -1.91266, -1.6980805
20131001_053023_822: 9.472468, -1.7929046, -1.7967271
20131001_053023_873: 9.481042, -1.7099096, -1.832055
20131001_053023_924: 9.482997, -1.6649133, -1.8631213
20131001_053023_972: 9.464939, -1.7369174, -1.8890364
20131001_053024_023: 9.467614, -1.7251495, -1.8864132
20131001_053024_072: 9.479993, -1.6978251, -1.8486555
20131001_053024_124: 9.47564, -1.703668, -1.8655176
20131001_053024_172: 9.483337, -1.7104852, -1.8196049
20131001_053024_223: 9.498207, -1.64529, -1.8020802
20131001_053024_272: 9.500516, -1.6721857, -1.764758
20131001_053024_322: 9.513807, -1.5826608, -1.7756854
20131001_053024_374: 9.511121, -1.661237, -1.7173388
20131001_053024_422: 9.500011, -1.7292826, -1.7116518
20131001_053024_472: 9.496968, -1.7579073, -1.6993378
20131001_053024_536: 9.466402, -1.9213796, -1.692907
20131001_053026_805: 9.447709, -2.0139747, -1.6897067
20131001_053026_815: 9.432163, -2.0957778, -1.6770254
20131001_053026_820: 9.423218, -2.1169515, -1.700551
20131001_053026_825: 9.406718, -2.157466, -1.7405194
20131001_053026_831: 9.410767, -2.1198199, -1.7647128
20131001_053026_839: 9.413139, -2.088657, -1.789064
20131001_053026_849: 9.392182, -2.164868, -1.8084894
20131001_053026_865: 9.4158325, -2.1198897, -1.7374004
20131001_053026_871: 9.439508, -2.0082638, -1.7415339
20131001_053026_878: 9.4187, -2.067486, -1.784367
20131001_053026_885: 9.416119, -2.1211135, -1.734346
20131001_053026_891: 9.396257, -2.180358, -1.7682717
20131001_053026_901: 9.4059515, -2.1512394, -1.7523259
20131001_053026_916: 9.418967, -2.0340836, -1.8209776
20131001_053026_922: 9.410803, -1.9848616, -1.9150697
20131001_053026_928: 9.429738, -1.8400942, -1.965835
20131001_053026_934: 9.44643, -1.7627813, -1.9565172
20131001_053026_940: 9.459229, -1.6370506, -2.0033665
20131001_053026_945: 9.453916, -1.6804955, -1.9924368
20131001_053026_964: 9.449299, -1.621222, -2.0622237
20131001_053026_981: 9.47499, -1.5472988, -2.0001974
20131001_053026_992: 9.490566, -1.3662484, -2.0574036
20131001_053026_998: 9.50726, -1.2030811, -2.0820644
20131001_053027_004: 9.517012, -1.1313941, -2.0777059
20131001_053027_010: 9.532944, -1.088435, -2.0269983
20131001_053027_019: 9.527509, -1.0397537, -2.077464
20131001_053027_026: 9.530284, -0.91194737, -2.124242
20131001_053027_041: 9.525601, -0.8461308, -2.1719573
20131001_053027_047: 9.531055, -0.81769323, -2.1588817
20131001_053027_052: 9.549506, -0.73640466, -2.1059484
20131001_053027_059: 9.571196, -0.688684, -2.0219624
20131001_053027_064: 9.595446, -0.5683932, -1.9428658
20131001_053027_073: 9.607887, -0.5048317, -1.8984365
20131001_053027_085: 9.623008, -0.3989403, -1.8463423
20131001_053027_089: 9.626435, -0.32832888, -1.8423803
20131001_053027_094: 9.615204, -0.31187516, -1.9028913
20131001_053027_097: 9.598714, -0.3002265, -1.9861927
20131001_053027_100: 9.588823, -0.2333537, -2.042159
20131001_053027_106: 9.611332, -0.18811288, -1.9383893
20131001_053027_112: 9.642392, -0.18105215, -1.7781694
20131001_053027_126: 9.673429, -0.110566996, -1.6071563
20131001_053027_130: 9.68784, 0.011522096, -1.5218444
20131001_053027_134: 9.699622, 0.038840897, -1.4443787
20131001_053027_137: 9.698665, 0.06189707, -1.4499949
20131001_053027_141: 9.69204, 0.04284195, -1.4942877
20131001_053027_147: 9.684155, 0.06878098, -1.5436404
20131001_053027_156: 9.707912, 0.10127953, -1.3843963
20131001_053027_160: 9.71232, 0.0022667758, -1.356916
20131001_053027_163: 9.710016, 0.014057167, -1.3732449
20131001_053027_166: 9.698426, 0.02904197, -1.4526106
20131001_053027_170: 9.720156, 0.07234189, -1.2976013
20131001_053027_175: 9.709821, 0.08371406, -1.3721497
20131001_053027_221: 9.701019, 0.16142215, -1.426375
20131001_053027_322: 9.708098, 0.15559359, -1.3780446
20131001_053027_372: 9.688279, 0.1479495, -1.5118657
20131001_053027_422: 9.6673355, 0.14265111, -1.6409401
20131001_053027_472: 9.647543, 0.15983985, -1.752071
20131001_053027_522: 9.630155, 0.15480858, -1.8456903
20131001_053027_573: 9.621825, 0.16067308, -1.8881378
20131001_053027_633: 9.611573, 0.11618483, -1.9428294
20131001_053027_672: 9.636995, 0.06700784, -1.8150088
20131001_053027_722: 9.643158, 0.14277941, -1.7775049
20131001_053027_822: 9.656477, 0.17176147, -1.7009798
20131001_053027_872: 9.672957, 0.13414924, -1.6081885
20131001_053027_922: 9.649129, 0.106054775, -1.7474145
20131001_053027_972: 9.635511, 0.09864888, -1.8214203
20131001_053028_022: 9.628812, 0.0784367, -1.8574803
20131001_053028_075: 9.65614, -0.03234364, -1.7112333
20131001_053028_123: 9.649214, -0.05536416, -1.7492917
20131001_053028_172: 9.611911, 0.17412615, -1.9368154
20131001_053028_223: 9.626261, -0.20007542, -1.8615761
20131001_053028_273: 9.593363, -0.32868192, -2.0074234
20131001_053028_323: 9.594241, -0.37757602, -1.9945809
20131001_053028_375: 9.616232, -0.2618842, -1.9052207
20131001_053028_422: 9.5720005, -0.4167089, -2.091298
20131001_053028_472: 9.61903, -0.2767378, -1.8889294
20131001_053028_523: 9.617421, -0.07872458, -1.9155738
20131001_053028_573: 9.593249, -0.17998569, -2.0267124
20131001_053028_623: 9.618366, -0.17803484, -1.9041401
20131001_053028_673: 9.610703, -0.3932561, -1.9105322
20131001_053028_722: 9.60475, -0.38064036, -1.9427544
20131001_053028_773: 9.604125, -0.4009037, -1.9417664
20131001_053028_822: 9.597761, -0.32570553, -1.9867805
20131001_053028_873: 9.601186, -0.31868717, -1.9713092
20131001_053028_925: 9.603965, -0.31988108, -1.957533
20131001_053028_972: 9.595558, -0.3581354, -1.9918302
20131001_053029_022: 9.59725, -0.41057986, -1.9734733
20131001_053029_072: 9.595605, -0.416696, -1.980189
20131001_053029_123: 9.588926, -0.4805565, -1.9979849
20131001_053029_172: 9.589548, -0.5553613, -1.9754804
20131001_053029_225: 9.587247, -0.66437256, -1.9528748
20131001_053029_272: 9.590774, -0.6864704, -1.9277486
20131001_053029_322: 9.590733, -0.6751564, -1.9319456
20131001_053029_373: 9.585853, -0.702828, -1.9462482
20131001_053029_422: 9.5893345, -0.67272246, -1.9397227
20131001_053029_472: 9.585274, -0.75330347, -1.9301383
20131001_053029_525: 9.592145, -0.8107605, -1.8718592
20131001_053029_583: 9.586585, -0.87915015, -1.8694552
20131001_053029_623: 9.577611, -1.0246689, -1.8411449
20131001_053029_672: 9.582968, -1.0537416, -1.7963191
20131001_053029_722: 9.578962, -1.0766648, -1.8040737
20131001_053029_772: 9.572127, -1.1092335, -1.8205518
20131001_053029_827: 9.584328, -1.0821245, -1.7720256
20131001_053029_873: 9.583461, -1.1080612, -1.7606407
20131001_053029_922: 9.591866, -1.0921838, -1.7244349
20131001_053029_972: 9.594458, -1.0066631, -1.7616483
20131001_053030_022: 9.599869, -1.0174396, -1.7256119
20131001_053030_072: 9.599157, -1.0131145, -1.7321038
20131001_053030_123: 9.599514, -1.0624384, -1.7002817
20131001_053030_172: 9.60276, -1.1147554, -1.647638
20131001_053030_222: 9.591684, -1.1522868, -1.6858923
20131001_053030_272: 9.594274, -1.2136481, -1.6270632
20131001_053030_322: 9.605119, -1.1461074, -1.6119992
20131001_053030_375: 9.605575, -1.1400589, -1.6135652
20131001_053030_422: 9.6084, -1.1020024, -1.6231549
20131001_053030_472: 9.615023, -1.0797037, -1.5987487
20131001_053030_522: 9.608664, -1.1538976, -1.585089
20131001_053030_573: 9.615934, -1.1885887, -1.5137546
20131001_053030_623: 9.61655, -1.2235575, -1.481648
20131001_053030_673: 9.616996, -1.272415, -1.4369289
20131001_053030_722: 9.621123, -1.2046161, -1.467406
20131001_053030_772: 9.607523, -1.2312571, -1.532941
20131001_053030_822: 9.598145, -1.2545663, -1.5722885
20131001_053030_873: 9.589546, -1.254149, -1.6242211
20131001_053030_922: 9.591697, -1.3560443, -1.5267273
20131001_053030_973: 9.598231, -1.3558582, -1.4852729
20131001_053031_050: 9.590235, -1.4485621, -1.4489543
20131001_053031_072: 9.599556, -1.4578917, -1.3760368
20131001_053031_123: 9.602267, -1.4121482, -1.4045392
20131001_053031_172: 9.601169, -1.3201047, -1.4984342
20131001_053031_222: 9.5827875, -1.322842, -1.609564
20131001_053031_285: 9.58493, -1.3495299, -1.5742484
20131001_053031_322: 9.547543, -1.4692101, -1.6900489
20131001_053031_374: 9.545455, -1.507992, -1.6675285
20131001_053031_422: 9.559031, -1.4829499, -1.6112756
20131001_053031_472: 9.558876, -1.4959164, -1.6001674
20131001_053031_524: 9.568558, -1.5046389, -1.5326959
20131001_053031_576: 9.586968, -1.4188734, -1.4990846
20131001_053031_624: 9.6026535, -1.2627225, -1.5378419
20131001_053031_672: 9.620463, -1.240466, -1.4416376
20131001_053031_722: 9.617347, -1.200994, -1.4948748
20131001_053031_772: 9.608851, -1.1301562, -1.6009729
20131001_053031_822: 9.597044, -1.1212639, -1.6762804
20131001_053031_874: 9.59404, -1.1150147, -1.6975074
20131001_053031_922: 9.572472, -1.1869042, -1.7690173
20131001_053031_972: 9.573322, -1.1396462, -1.7953049
20131001_053032_022: 9.581072, -1.0604858, -1.8024577
20131001_053032_072: 9.5675125, -1.1527503, -1.8177592
20131001_053032_132: 9.565281, -1.2410221, -1.7707753
20131001_053032_172: 9.554007, -1.2101631, -1.8511813
20131001_053032_222: 9.543101, -1.2397765, -1.8874773
20131001_053032_272: 9.539854, -1.2308657, -1.9096012
20131001_053032_322: 9.54347, -1.1583134, -1.936719
20131001_053032_375: 9.557043, -1.0313433, -1.941561
20131001_053032_435: 9.566604, -0.949721, -1.9361075
20131001_053032_473: 9.555597, -0.99393475, -1.9680158
20131001_053032_523: 9.558369, -1.0199933, -1.941028
20131001_053032_573: 9.560065, -1.0285306, -1.9281335
20131001_053032_625: 9.565923, -0.9949416, -1.9166611
20131001_053032_672: 9.565248, -0.96770436, -1.9339101
20131001_053032_726: 9.57507, -0.9037787, -1.9161441
20131001_053032_773: 9.578253, -0.8334043, -1.9320726
20131001_053032_822: 9.580387, -0.8382366, -1.9193506
20131001_053032_876: 9.578558, -0.8601699, -1.9187883
20131001_053032_923: 9.590088, -0.85217595, -1.8639743
20131001_053032_972: 9.588627, -0.8887632, -1.8543799
20131001_053033_025: 9.568964, -0.91458386, -1.9413617
20131001_053033_072: 9.58448, -0.8880539, -1.8760289
20131001_053033_126: 9.594056, -0.8729159, -1.833707
20131001_053033_172: 9.61314, -0.8482129, -1.7431248
20131001_053033_222: 9.622227, -0.7902242, -1.7200885
20131001_053033_273: 9.612723, -0.8761001, -1.7315869
20131001_053033_325: 9.615702, -0.89389884, -1.7057624
20131001_053033_377: 9.625585, -0.831559, -1.681385
20131001_053033_423: 9.620925, -0.74095577, -1.749054
20131001_053033_472: 9.642242, -0.69790775, -1.6463505
20131001_053033_522: 9.645482, -0.6295412, -1.65491
20131001_053033_573: 9.6638155, -0.5429115, -1.5768105
20131001_053033_639: 9.661281, -0.6278969, -1.5607011
20131001_053033_672: 9.666785, -0.6407716, -1.5208706
20131001_053033_722: 9.680011, -0.5507088, -1.4712371
20131001_053033_773: 9.686642, -0.51137686, -1.4414881
20131001_053033_822: 9.692031, -0.5725775, -1.3809747
20131001_053033_878: 9.687005, -0.5808517, -1.4124355
20131001_053033_922: 9.692225, -0.60444593, -1.3659565
20131001_053033_972: 9.698287, -0.59644264, -1.3258442
20131001_053034_023: 9.698336, -0.57425475, -1.3352501
20131001_053034_072: 9.6982155, -0.60973233, -1.32032
20131001_053034_124: 9.685109, -0.6774731, -1.3820586
20131001_053034_175: 9.689843, -0.6802441, -1.3470696
20131001_053034_222: 9.6959, -0.60922265, -1.3374445
20131001_053034_273: 9.700753, -0.66728055, -1.2729993
20131001_053034_322: 9.685716, -0.721497, -1.3552577
20131001_053034_373: 9.684621, -0.828696, -1.3006783
20131001_053034_422: 9.685976, -0.8225386, -1.2944903
20131001_053034_475: 9.679268, -0.83994806, -1.3329046
20131001_053034_523: 9.677077, -0.80765903, -1.3683064
20131001_053035_067: 9.682167, -0.7819722, -1.3470621
20131001_053035_083: 9.683472, -0.7353078, -1.3638589
20131001_053035_089: 9.678475, -0.7527143, -1.3895847
20131001_053035_094: 9.652011, -0.890513, -1.4886477
20131001_053035_115: 9.64002, -0.943186, -1.5332311
20131001_053035_123: 9.615139, -1.1172341, -1.5720257
20131001_053035_139: 9.5966215, -1.2487106, -1.5861746
20131001_053035_145: 9.597951, -1.1890222, -1.6235656
20131001_053035_151: 9.594125, -1.217761, -1.6248851
20131001_053035_157: 9.576175, -1.3137887, -1.6556689
20131001_053035_163: 9.56411, -1.3038477, -1.7315261
20131001_053035_172: 9.574396, -1.3180767, -1.662533
20131001_053035_179: 9.559822, -1.3159765, -1.7459723
20131001_053035_221: 9.542219, -1.4643747, -1.7239664
20131001_053035_274: 9.531517, -1.5738144, -1.6863308
20131001_053035_322: 9.53726, -1.5811636, -1.6465085
20131001_053035_372: 9.549845, -1.4902003, -1.6583524
20131001_053035_422: 9.541771, -1.4992917, -1.696222
20131001_053035_472: 9.535119, -1.5723016, -1.6672575
20131001_053035_523: 9.491594, -1.7515935, -1.7355006
20131001_053035_573: 9.450032, -1.8695468, -1.8363185
20131001_053035_621: 9.442059, -1.944375, -1.7992524
20131001_053035_671: 9.411688, -2.0521607, -1.8382537
20131001_053035_723: 9.416877, -2.046541, -1.8178352
20131001_053035_773: 9.45737, -1.905687, -1.7597992
20131001_053035_822: 9.470164, -1.846548, -1.7540343
20131001_053035_872: 9.477874, -1.810025, -1.750451
20131001_053035_922: 9.477783, -1.7660104, -1.7953435
20131001_053035_972: 9.480109, -1.7833126, -1.7657107
20131001_053036_025: 9.481477, -1.7949563, -1.7464578
20131001_053036_072: 9.487433, -1.7311654, -1.7782165
20131001_053036_122: 9.490063, -1.7040962, -1.7902955
20131001_053036_172: 9.512714, -1.6371845, -1.7315654
20131001_053036_222: 9.526138, -1.5961136, -1.6957327
20131001_053036_273: 9.539318, -1.5825611, -1.633191
20131001_053036_325: 9.525261, -1.6235844, -1.6744416
20131001_053036_372: 9.523757, -1.6528072, -1.6542928
20131001_053036_423: 9.542074, -1.5373498, -1.6600468
20131001_053036_472: 9.533971, -1.5781925, -1.6682684
20131001_053036_523: 9.541645, -1.5544653, -1.6465229
20131001_053036_573: 9.525135, -1.6381857, -1.6608899
20131001_053036_623: 9.53945, -1.6003029, -1.6150215
20131001_053036_673: 9.581199, -1.360215, -1.587715
20131001_053036_722: 9.593486, -1.2777514, -1.5820129
20131001_053036_773: 9.605316, -1.2378049, -1.5414722
20131001_053036_822: 9.620686, -1.1766222, -1.4927797
20131001_053036_872: 9.627587, -1.1451602, -1.472594
20131001_053036_935: 9.629738, -1.076457, -1.509894
20131001_053036_972: 9.640394, -0.95622844, -1.5227668
20131001_053037_023: 9.63391, -0.899206, -1.5967473
20131001_053037_072: 9.6418295, -0.8370792, -1.5826724
20131001_053037_122: 9.639257, -0.8348905, -1.5993986
20131001_053037_172: 9.661456, -0.648748, -1.5510671
20131001_053037_224: 9.677923, -0.4002724, -1.53231
20131001_053037_273: 9.679871, -0.3845131, -1.5240203
20131001_053037_322: 9.691342, -0.38366994, -1.4495101
20131001_053037_372: 9.684103, -0.21079291, -1.5310458
20131001_053037_422: 9.681002, -0.15234277, -1.5573641
20131001_053037_472: 9.692582, -0.03300357, -1.4910325
20131001_053037_623: 9.683778, 0.020171266, -1.5474033
20131001_053037_672: 9.694568, 0.089094, -1.475751
20131001_053037_722: 9.700377, 0.11307839, -1.4353763
20131001_053037_773: 9.698212, 0.22071284, -1.437493
20131001_053037_822: 9.697085, 0.2453899, -1.4410968
20131001_053037_872: 9.688829, 0.20388533, -1.5018084
20131001_053037_922: 9.697102, 0.20860389, -1.4467566
20131001_053037_972: 9.705126, 0.30768853, -1.3734013
20131001_053038_023: 9.706137, 0.38013563, -1.3478905
20131001_053038_072: 9.707363, 0.34337652, -1.3489218
20131001_053038_125: 9.710244, 0.34334844, -1.3280267
20131001_053038_172: 9.715055, 0.43171415, -1.2655879
20131001_053038_222: 9.70923, 0.4819079, -1.2919061
20131001_053038_273: 9.712699, 0.5237091, -1.2488489
20131001_053038_322: 9.707776, 0.5384642, -1.280444
20131001_053038_372: 9.714832, 0.5276827, -1.2304306
20131001_053038_425: 9.722264, 0.5291151, -1.1696229
20131001_053038_472: 9.722385, 0.48910835, -1.1859112
20131001_053038_523: 9.729255, 0.47719228, -1.1332741
20131001_053038_573: 9.7216, 0.58540046, -1.1481297
20131001_053038_622: 9.720513, 0.6049664, -1.1471951
20131001_053038_672: 9.714111, 0.61246353, -1.1963797
20131001_053038_723: 9.705571, 0.55137074, -1.2916163
20131001_053038_773: 9.705367, 0.5982099, -1.2721685
20131001_053038_822: 9.7067175, 0.61642015, -1.2530078
20131001_053038_872: 9.714138, 0.60464585, -1.200135
20131001_053038_922: 9.715204, 0.6223343, -1.1823239
20131001_053038_972: 9.72309, 0.51868486, -1.167428
20131001_053039_022: 9.724595, 0.4465493, -1.1845864
20131001_053039_072: 9.727242, 0.43465546, -1.1671498
20131001_053039_122: 9.722998, 0.44586045, -1.1978832
20131001_053039_172: 9.723602, 0.40454674, -1.2076093
20131001_053039_222: 9.731301, 0.4193138, -1.1385846
20131001_053039_289: 9.739619, 0.5111565, -1.024175
20131001_053039_322: 9.733498, 0.5411007, -1.0661328
20131001_053039_372: 9.737863, 0.5438193, -1.0240594
20131001_053039_425: 9.735442, 0.5342717, -1.0517306
20131001_053039_473: 9.727142, 0.5839648, -1.100946
20131001_053039_523: 9.727776, 0.58463323, -1.0949798
20131001_053039_575: 9.724926, 0.5769918, -1.1239623
20131001_053039_623: 9.7246275, 0.5609888, -1.134594
20131001_053039_673: 9.722353, 0.5477391, -1.1602784
20131001_053039_722: 9.712591, 0.58999187, -1.2197847
20131001_053039_773: 9.718253, 0.5742223, -1.1816177
20131001_053039_822: 9.710182, 0.5930533, -1.2373575
20131001_053039_875: 9.707204, 0.5936779, -1.2602041
20131001_053039_923: 9.709059, 0.53177434, -1.2735058
20131001_053039_972: 9.712199, 0.48468557, -1.2683387
20131001_053040_023: 9.712478, 0.48994422, -1.264166
20131001_053040_423: 9.711928, 0.556215, -1.2407484
20131001_053040_438: 9.726125, 0.53665423, -1.1335306
20131001_053040_446: 9.726288, 0.5073077, -1.1455891
20131001_053040_452: 9.72887, 0.51324356, -1.1207491
20131001_053040_469: 9.726869, 0.5006573, -1.1435791
20131001_053040_475: 9.7153225, 0.6014838, -1.1921086
20131001_053040_481: 9.710473, 0.59349346, -1.2348645
20131001_053040_486: 9.719394, 0.4908131, -1.209497
20131001_053040_493: 9.714977, 0.4599778, -1.2561966
20131001_053040_525: 9.717517, 0.46469694, -1.2346317
20131001_053040_572: 9.726119, 0.4112211, -1.184866
20131001_053040_925: 9.731654, 0.4000015, -1.1425033
20131001_053040_930: 9.726163, 0.41029462, -1.1848311
20131001_053040_936: 9.71541, 0.46870443, -1.249603
20131001_053040_941: 9.705661, 0.6037541, -1.2672856
20131001_053040_949: 9.694697, 0.706777, -1.2975596
20131001_053040_956: 9.690408, 0.6752964, -1.3454969
20131001_053040_971: 9.67123, 0.68489456, -1.4726192
20131001_053040_977: 9.666592, 0.5893004, -1.5427617
20131001_053041_023: 9.668937, 0.53113693, -1.5491871
20131001_053041_072: 9.65881, 0.588587, -1.5910233
20131001_053041_122: 9.650418, 0.71819097, -1.5887135
20131001_053041_176: 9.642524, 0.6823852, -1.6512036
20131001_053041_223: 9.63654, 0.6506351, -1.698281
20131001_053041_273: 9.634325, 0.7279551, -1.6793599
20131001_053041_322: 9.622647, 0.8314932, -1.6981403
20131001_053041_372: 9.634577, 0.7686159, -1.6596825
20131001_053041_425: 9.628744, 0.7295298, -1.7103996
20131001_053041_472: 9.608144, 0.93910605, -1.7239658
20131001_053041_523: 9.598163, 1.0458292, -1.7181227
20131001_053041_576: 9.583637, 1.1236402, -1.7497742
20131001_053041_622: 9.59902, 1.1371082, -1.6541495
20131001_053041_672: 9.583811, 1.154804, -1.7283988
20131001_053041_727: 9.589516, 1.1381779, -1.7076806
20131001_053041_773: 9.5738945, 1.2868106, -1.6896964
20131001_053041_822: 9.559074, 1.4210514, -1.6658653
20131001_053041_872: 9.54999, 1.421004, -1.7172192
20131001_053041_922: 9.549955, 1.4363512, -1.7046006
20131001_053041_972: 9.537213, 1.4738033, -1.7435242
20131001_053042_023: 9.530876, 1.4600278, -1.7891718
20131001_053042_072: 9.526714, 1.4917241, -1.7851845
20131001_053042_122: 9.508086, 1.5772786, -1.8107653
20131001_053042_172: 9.512471, 1.5531732, -1.8085731
20131001_053042_222: 9.485713, 1.6463057, -1.865835
20131001_053042_286: 9.461568, 1.7263801, -1.915398
20131001_053042_322: 9.448458, 1.747774, -1.9601938
20131001_053042_372: 9.461868, 1.6645308, -1.9679369
20131001_053042_423: 9.460755, 1.5953082, -2.0296478
20131001_053042_472: 9.457303, 1.5990052, -2.0427914
20131001_053042_523: 9.452472, 1.5888772, -2.0728335
20131001_053042_575: 9.460563, 1.6181928, -2.0123644
20131001_053042_622: 9.45857, 1.7156782, -1.939662
20131001_053042_672: 9.461303, 1.6747926, -1.9619428
20131001_053042_722: 9.456302, 1.7051117, -1.9599265
20131001_053042_773: 9.470112, 1.6681048, -1.9247943
20131001_053042_822: 9.458458, 1.709339, -1.945795
20131001_053042_875: 9.473658, 1.661899, -1.9126608
20131001_053042_922: 9.483566, 1.6258246, -1.8944789
20131001_053042_972: 9.495514, 1.6336262, -1.8267062
20131001_053043_023: 9.494998, 1.6358628, -1.8273928
20131001_053043_072: 9.513957, 1.5573958, -1.7970872
20131001_053043_122: 9.521991, 1.4852448, -1.8155272
20131001_053043_176: 9.533494, 1.4432199, -1.7888561
20131001_053043_222: 9.535561, 1.4267071, -1.7910903
20131001_053043_273: 9.5358095, 1.411799, -1.8015414
20131001_053043_322: 9.539644, 1.3405823, -1.8353382
20131001_053043_372: 9.563542, 1.1873528, -1.8163844
20131001_053043_422: 9.576162, 1.0905817, -1.8105664
20131001_053043_475: 9.598559, 1.0029794, -1.7413001
20131001_053043_523: 9.60385, 1.0058059, -1.7102057
20131001_053043_573: 9.605736, 0.9937314, -1.7066678
20131001_053043_623: 9.609633, 0.9452982, -1.7122302
20131001_053043_673: 9.610668, 0.8870798, -1.7373959
20131001_053043_723: 9.613835, 0.85396606, -1.736456
20131001_053043_772: 9.629635, 0.7540771, -1.6946696
20131001_053043_822: 9.629932, 0.7235113, -1.7062582
20131001_053043_872: 9.633847, 0.71006817, -1.6897268
20131001_053043_922: 9.637245, 0.5973802, -1.7137759
20131001_053043_972: 9.637044, 0.54893357, -1.7310276
20131001_053044_023: 9.6366415, 0.5313304, -1.7387333
20131001_053044_073: 9.638927, 0.4999793, -1.7353647
20131001_053044_122: 9.64678, 0.47628832, -1.6979917
20131001_053044_173: 9.655964, 0.46464112, -1.6482877
20131001_053044_222: 9.665768, 0.42764264, -1.6001377
20131001_053044_273: 9.656475, 0.43449646, -1.6535091
20131001_053044_322: 9.665404, 0.29976183, -1.6311071
20131001_053044_373: 9.663509, 0.25229895, -1.65025
20131001_053044_422: 9.649539, 0.27339756, -1.7268537
20131001_053044_472: 9.651973, 0.32711306, -1.7037657
20131001_053044_523: 9.644026, 0.38617814, -1.7360936
20131001_053044_572: 9.637852, 0.3262243, -1.7820737
20131001_053044_622: 9.658032, 0.3602192, -1.6622466
20131001_053044_673: 9.664652, 0.37933746, -1.6189492
20131001_053044_722: 9.6698675, 0.34871027, -1.5945059
20131001_053044_773: 9.670472, 0.29858577, -1.6010131
20131001_053044_822: 9.667266, 0.39821547, -1.598682
20131001_053044_872: 9.661523, 0.4197408, -1.6276375
20131001_053044_922: 9.668708, 0.4120792, -1.5864097
20131001_053044_972: 9.668136, 0.42226827, -1.587202
20131001_053045_023: 9.667993, 0.47857758, -1.5720292
20131001_053045_072: 9.663668, 0.46832713, -1.6014279
20131001_053045_122: 9.675874, 0.42873278, -1.5375435
20131001_053045_172: 9.657636, 0.55529785, -1.6099976
20131001_053045_224: 9.658357, 0.5318267, -1.6136017
20131001_053045_274: 9.661554, 0.51391894, -1.6002108
20131001_053045_322: 9.657961, 0.5504165, -1.6097386
20131001_053045_372: 9.652222, 0.5930299, -1.6289054
20131001_053045_423: 9.634365, 0.69709057, -1.6921793
20131001_053045_472: 9.627413, 0.70066875, -1.7298503
20131001_053046_094: 9.624984, 0.7472011, -1.7238905
20131001_053046_102: 9.611796, 0.8328455, -1.7578834
20131001_053046_181: 9.581954, 0.94593966, -1.8605797
20131001_053046_187: 9.572357, 1.0099953, -1.8762375
20131001_053046_192: 9.594783, 0.9840642, -1.7726182
20131001_053046_198: 9.577671, 1.0707468, -1.8144183
20131001_053046_203: 9.595262, 0.98701406, -1.7683811
20131001_053046_209: 9.577205, 1.056305, -1.8253179
20131001_053046_217: 9.583241, 1.0682845, -1.7862405
20131001_053046_224: 9.58601, 1.1355822, -1.728945
20131001_053046_239: 9.588852, 1.0901722, -1.7423664
20131001_053046_244: 9.575706, 1.2278222, -1.7229904
20131001_053046_250: 9.590758, 1.2188802, -1.6438029
20131001_053046_256: 9.595318, 1.2342432, -1.6052833
20131001_053046_261: 9.591478, 1.2289573, -1.6320541
20131001_053046_276: 9.589973, 1.2656986, -1.6127069
20131001_053046_321: 9.598225, 1.2243946, -1.5954092
20131001_053046_372: 9.594068, 1.2551982, -1.5964826
20131001_053046_423: 9.598746, 1.22336, -1.5930645
20131001_053046_472: 9.61376, 1.1963737, -1.5214183
20131001_053046_524: 9.612699, 1.223056, -1.5068297
20131001_053046_587: 9.62579, 1.1884593, -1.449873
20131001_053046_622: 9.618947, 1.1933596, -1.4906881
20131001_053046_673: 9.617382, 1.2080866, -1.4889281
20131001_053046_722: 9.614842, 1.2007836, -1.5110729
20131001_053046_775: 9.61964, 1.1755831, -1.5003005
20131001_053046_822: 9.612301, 1.1735849, -1.5481433
20131001_053046_874: 9.618365, 1.1327415, -1.5408906
20131001_053046_923: 9.620327, 1.1268741, -1.5329267
20131001_053046_972: 9.623857, 1.1647599, -1.4816034
20131001_053047_032: 9.619374, 1.1143925, -1.5479444
20131001_053047_072: 9.627973, 1.0999483, -1.5042163
20131001_053047_122: 9.637984, 1.0398656, -1.4826814
20131001_053047_175: 9.643257, 1.0218918, -1.4607227
20131001_053047_222: 9.64197, 0.96229434, -1.5089221
20131001_053047_275: 9.654814, 0.92302495, -1.4501666
20131001_053047_322: 9.646293, 0.8587173, -1.5433915
20131001_053047_372: 9.654381, 0.83760905, -1.5039086
20131001_053047_423: 9.657851, 0.7993448, -1.5024589
20131001_053047_475: 9.657652, 0.8243299, -1.4901807
20131001_053047_525: 9.666591, 0.7385762, -1.4771258
20131001_053047_572: 9.671425, 0.754455, -1.4369229
20131001_053047_622: 9.675481, 0.6641931, -1.4540596
20131001_053047_673: 9.664975, 0.7497376, -1.482086
20131001_053047_722: 9.66452, 0.75166655, -1.4840571
20131001_053047_779: 9.658145, 0.8319509, -1.4827322
20131001_053047_822: 9.666809, 0.7514482, -1.4691852
20131001_053047_872: 9.657783, 0.79822016, -1.5034956
20131001_053047_923: 9.658114, 0.8558953, -1.4692531
20131001_053047_972: 9.652735, 0.95174927, -1.4454321
20131001_053048_025: 9.650927, 0.95154727, -1.4575899
20131001_053048_085: 9.637018, 0.96505356, -1.5384854
20131001_053048_122: 9.62992, 0.9752301, -1.5760599
20131001_053048_172: 9.621961, 0.98087454, -1.6205437
20131001_053048_222: 9.623373, 0.99565035, -1.6030535
20131001_053048_273: 9.628402, 0.9628481, -1.5928577
20131001_053048_322: 9.646758, 0.88381433, -1.5262164
20131001_053048_375: 9.669353, 0.7226915, -1.4668791
20131001_053048_423: 9.662112, 0.7423624, -1.5042896
20131001_053048_472: 9.670868, 0.67912793, -1.4776709
20131001_053048_522: 9.670531, 0.7340023, -1.4534376
20131001_053048_572: 9.682368, 0.63863194, -1.4192538
20131001_053048_622: 9.686288, 0.60603434, -1.4067507
20131001_053048_673: 9.691661, 0.53931993, -1.3968649
20131001_053048_722: 9.696512, 0.45567867, -1.3929961
20131001_053048_772: 9.696947, 0.5020198, -1.3739003
20131001_053048_822: 9.697239, 0.49436817, -1.3746089
20131001_053048_872: 9.689652, 0.5770409, -1.3957251
20131001_053048_923: 9.687569, 0.55997753, -1.4169806
20131001_053048_979: 9.687869, 0.6360814, -1.3823905
20131001_053049_022: 9.6864605, 0.6601263, -1.3809856
20131001_053049_072: 9.689435, 0.6427172, -1.3682609
20131001_053049_122: 9.690073, 0.65439653, -1.3581771
20131001_053049_173: 9.694757, 0.6664538, -1.3183064
20131001_053049_222: 9.694422, 0.64308107, -1.3322923
20131001_053049_286: 9.698331, 0.5427011, -1.3484175
20131001_053049_322: 9.70027, 0.51026803, -1.3471438
20131001_053049_372: 9.6976795, 0.49135584, -1.3725891
20131001_053049_422: 9.7029295, 0.32213908, -1.3855567
20131001_053049_472: 9.701695, 0.4201108, -1.3678447
20131001_053049_522: 9.694331, 0.4506357, -1.4097037
20131001_053049_586: 9.679253, 0.55783993, -1.4735303
20131001_053049_622: 9.6747675, 0.48713967, -1.5270711
20131001_053049_672: 9.662061, 0.49117082, -1.6042812
20131001_053049_722: 9.656702, 0.55657417, -1.6151665
20131001_053049_772: 9.658071, 0.49099138, -1.6281831
20131001_053049_822: 9.651487, 0.56074387, -1.6446157
20131001_053049_885: 9.643916, 0.6075906, -1.6721644
20131001_053049_922: 9.630991, 0.70253134, -1.709052
20131001_053049_972: 9.632997, 0.67153966, -1.7102115
20131001_053050_022: 9.644237, 0.6400556, -1.6581469
20131001_053050_072: 9.637074, 0.6249831, -1.7048646
20131001_053050_122: 9.646246, 0.6421692, -1.645581
20131001_053050_185: 9.650881, 0.664941, -1.6089586
20131001_053050_222: 9.651576, 0.66976684, -1.6027769
20131001_053050_272: 9.634387, 0.7347575, -1.6760424
20131001_053050_322: 9.624631, 0.84111154, -1.6820915
20131001_053050_373: 9.614454, 0.8830258, -1.718405
20131001_053050_423: 9.594244, 0.9736343, -1.7812637
20131001_053050_818: 9.594154, 1.0063009, -1.7635181
20131001_053050_825: 9.580747, 1.0719445, -1.7973919
20131001_053050_831: 9.579816, 1.0695424, -1.8037748
20131001_053050_968: 9.5440645, 1.2460833, -1.8784359
20131001_053050_974: 9.541677, 1.2866894, -1.8631179
20131001_053050_979: 9.537369, 1.3100615, -1.8688941
20131001_053050_988: 9.539754, 1.2683853, -1.8853903
20131001_053051_002: 9.546635, 1.2530887, -1.8606312
20131001_053051_008: 9.55463, 1.1709111, -1.8730781
20131001_053051_013: 9.547678, 1.1555946, -1.9175146
20131001_053051_019: 9.550698, 1.059963, -1.9573035
20131001_053051_025: 9.5289955, 1.0706693, -2.0548184
20131001_053051_073: 9.523591, 1.0821122, -2.0737972
20131001_053051_122: 9.51108, 1.1254884, -2.1078553
20131001_053051_173: 9.513335, 1.094521, -2.1139657
20131001_053051_222: 9.513048, 1.0789505, -2.123244
20131001_053051_272: 9.501652, 1.0941879, -2.1660445
20131001_053051_322: 9.4989, 1.0936819, -2.1783416
20131001_053051_375: 9.493186, 1.0579852, -2.2204683
20131001_053051_423: 9.509538, 0.9326593, -2.2066293
20131001_053051_472: 9.5169115, 0.8798414, -2.1965108
20131001_053051_522: 9.516972, 0.88248575, -2.1951902
20131001_053051_573: 9.51376, 0.89265084, -2.204983
20131001_053051_622: 9.525095, 0.9002985, -2.1523066
20131001_053051_678: 9.519064, 0.8952707, -2.180903
20131001_053051_722: 9.5109005, 0.89723325, -2.2154336
20131001_053051_773: 9.49914, 0.97749245, -2.231872
20131001_053051_823: 9.489317, 0.9754221, -2.2741637
20131001_053051_872: 9.4897175, 0.92784756, -2.2923226
20131001_053051_935: 9.4779215, 1.001244, -2.3101752
20131001_053051_972: 9.508193, 0.8765344, -2.2352517
20131001_053052_023: 9.509431, 0.88069737, -2.2283425
20131001_053052_072: 9.494122, 0.93618286, -2.2705963
20131001_053052_122: 9.51063, 0.90711427, -2.2125711
20131001_053052_173: 9.521895, 0.77955025, -2.2127318
20131001_053052_225: 9.514375, 0.75280344, -2.2539642
20131001_053052_272: 9.519592, 0.72145784, -2.242153
20131001_053052_322: 9.526577, 0.7092384, -2.2162404
20131001_053052_372: 9.536635, 0.6729881, -2.1840506
20131001_053052_423: 9.52906, 0.7118024, -2.2047079
20131001_053052_472: 9.535852, 0.69930536, -2.179193
20131001_053052_525: 9.534536, 0.632263, -2.2052736
20131001_053052_573: 9.540656, 0.6155036, -2.1834402
20131001_053052_622: 9.541123, 0.66148037, -2.1679022
20131001_053052_673: 9.551885, 0.6155606, -2.1337647
20131001_053052_722: 9.563767, 0.5551707, -2.096795
20131001_053052_772: 9.559315, 0.64815646, -2.090406
20131001_053052_823: 9.55889, 0.7401672, -2.06159
20131001_053052_872: 9.561088, 0.7285452, -2.0555358
20131001_053052_923: 9.561714, 0.7108765, -2.058803
20131001_053052_972: 9.55386, 0.71665484, -2.092975
20131001_053053_022: 9.556594, 0.7267703, -2.0769522
20131001_053053_072: 9.564673, 0.6960174, -2.0501177
20131001_053053_135: 9.582218, 0.59021425, -2.00078
20131001_053053_173: 9.576737, 0.59875035, -2.0243425
20131001_053053_222: 9.591842, 0.5343734, -1.9701256
20131001_053053_272: 9.590315, 0.5981646, -1.9591893
20131001_053053_322: 9.592752, 0.6313582, -1.9367242
20131001_053053_372: 9.601411, 0.66970164, -1.8801106
20131001_053053_440: 9.59546, 0.7106457, -1.895401
20131001_053053_472: 9.599259, 0.7374399, -1.8656863
20131001_053053_522: 9.596414, 0.7316347, -1.8825463
20131001_053053_573: 9.597706, 0.69993895, -1.8879895
20131001_053053_622: 9.590511, 0.71574414, -1.9183847
20131001_053053_673: 9.582165, 0.75833446, -1.943573
20131001_053053_723: 9.5919485, 0.7363538, -1.9033407
20131001_053053_772: 9.568659, 0.78732675, -1.9978194
20131001_053053_822: 9.57054, 0.7075921, -2.0185297
20131001_053053_872: 9.548479, 0.8109902, -2.083076
20131001_053053_923: 9.538827, 0.8418933, -2.1148102
20131001_053053_972: 9.538509, 0.8848867, -2.0986164
20131001_053054_023: 9.532344, 0.9242294, -2.109647
20131001_053054_072: 9.521168, 1.0405908, -2.105934
20131001_053054_122: 9.520328, 1.0723153, -2.0937767
20131001_053054_173: 9.5259905, 1.0937425, -2.056607
20131001_053054_222: 9.504196, 1.1851293, -2.1062117
20131001_053054_272: 9.476458, 1.2846645, -2.17181
20131001_053054_323: 9.489722, 1.2243972, -2.148585
20131001_053054_372: 9.509942, 1.1914833, -2.0764773
20131001_053054_424: 9.514554, 1.1581694, -2.0742004
20131001_053054_472: 9.515595, 1.1874323, -2.0527704
20131001_053054_522: 9.518097, 1.196791, -2.0356643
20131001_053054_576: 9.516241, 1.242316, -2.016974
20131001_053054_622: 9.514873, 1.2940528, -1.9907317
20131001_053054_673: 9.490871, 1.4478809, -1.9993535
20131001_053054_722: 9.492021, 1.4629996, -1.9828197
20131001_053054_772: 9.49065, 1.4765677, -1.979319
20131001_053054_822: 9.489059, 1.4391321, -2.0142128
20131001_053054_875: 9.499962, 1.3900597, -1.9972116
20131001_053054_923: 9.4763365, 1.4761759, -2.047036
20131001_053054_972: 9.449949, 1.5780314, -2.0925345
20131001_053055_022: 9.4659815, 1.4700463, -2.098712
20131001_053055_072: 9.451982, 1.5173774, -2.1279116
20131001_053055_122: 9.45006, 1.518549, -2.1356013
20131001_053055_175: 9.43942, 1.5267128, -2.176439
20131001_053055_222: 9.443681, 1.5586537, -2.1349232
20131001_053055_272: 9.466203, 1.4883734, -2.0847483
20131001_053055_322: 9.487728, 1.3332766, -2.091844
20131001_053055_372: 9.496352, 1.2709405, -2.0915093
20131001_053055_423: 9.486009, 1.2881314, -2.1276166
20131001_053055_474: 9.482645, 1.3698984, -2.0912273
20131001_053055_522: 9.478247, 1.4245678, -2.0745633
20131001_053055_573: 9.488807, 1.4705025, -1.992628
20131001_053055_622: 9.519737, 1.2864271, -1.9723386
20131001_053056_729: 9.55176, 1.1954876, -1.8721924
20131001_053056_735: 9.56246, 1.161469, -1.8386817
20131001_053056_745: 9.556362, 1.2234502, -1.8301655
20131001_053056_752: 9.558213, 1.2740049, -1.7854587
20131001_053056_764: 9.545976, 1.302745, -1.8296483
20131001_053056_770: 9.559647, 1.2294801, -1.8088413
20131001_053056_776: 9.564176, 1.2064258, -1.8004152
20131001_053056_781: 9.560133, 1.2735755, -1.775454
20131001_053056_790: 9.553403, 1.2937983, -1.796936
20131001_053056_810: 9.5714245, 1.2372355, -1.7399662
20131001_053056_817: 9.590008, 1.1319371, -1.7090538
20131001_053056_832: 9.589024, 1.1518189, -1.701279
20131001_053056_837: 9.584082, 1.2079122, -1.6901804
20131001_053056_843: 9.592919, 1.1719404, -1.6651772
20131001_053056_849: 9.60014, 1.153497, -1.6361984
20131001_053056_855: 9.611323, 1.1171055, -1.5952827
20131001_053056_863: 9.6248455, 1.0204952, -1.5784035
20131001_053056_869: 9.614364, 1.0158654, -1.6439077
20131001_053056_885: 9.621901, 0.9659213, -1.6298522
20131001_053056_892: 9.613532, 0.9817007, -1.6693337
20131001_053056_898: 9.618264, 0.93630445, -1.6681551
20131001_053056_904: 9.608935, 0.96070117, -1.7075661
20131001_053056_909: 9.608211, 0.96237, -1.7107091
20131001_053056_929: 9.614231, 0.9553891, -1.6805255
20131001_053056_935: 9.624281, 0.9010563, -1.6527944
20131001_053056_952: 9.623507, 0.8948744, -1.6606395
20131001_053056_972: 9.622658, 0.91647744, -1.6537464
20131001_053057_022: 9.611037, 0.95525694, -1.6987695
20131001_053057_072: 9.617896, 0.9246876, -1.67673
20131001_053057_122: 9.618436, 0.86687636, -1.7042875
20131001_053057_174: 9.6343, 0.82983637, -1.6315643
20131001_053057_223: 9.649484, 0.77186674, -1.5690997
20131001_053057_273: 9.656518, 0.7268933, -1.5471567
20131001_053057_324: 9.667903, 0.59937316, -1.5306262
20131001_053057_376: 9.6734705, 0.5032301, -1.53007
20131001_053057_428: 9.679967, 0.43017158, -1.5111539
20131001_053057_473: 9.681021, 0.40689534, -1.5108461
20131001_053057_522: 9.684845, 0.3631506, -1.4974253
20131001_053057_573: 9.68261, 0.4081769, -1.5002774
20131001_053057_622: 9.681974, 0.38867697, -1.5095375
20131001_053057_674: 9.701832, 0.18293197, -1.4182278
20131001_053057_723: 9.706595, 0.21166562, -1.3811519
20131001_053057_772: 9.715116, 0.24176702, -1.3147137
20131001_053057_823: 9.736127, 0.08726883, -1.1707267
20131001_053057_872: 9.73586, 0.15687399, -1.1656793
20131001_053057_924: 9.751412, 0.23670653, -1.0120798
20131001_053057_989: 9.733881, 0.18382366, -1.1781992
20131001_053058_024: 9.73967, 0.26916385, -1.1121105
20131001_053058_074: 9.731327, 0.1229989, -1.2068782
20131001_053058_124: 9.744555, -0.061330374, -1.1001327
20131001_053058_175: 9.73899, -0.17177229, -1.1370988
20131001_053058_224: 9.738377, -0.24355917, -1.1291981
20131001_053058_274: 9.736668, -0.26347092, -1.1394181
20131001_053058_324: 9.734827, -0.23733225, -1.1606852
20131001_053058_373: 9.734099, -0.27944472, -1.1574126
20131001_053058_423: 9.737334, -0.3190341, -1.1193402
20131001_053058_472: 9.740147, -0.22292028, -1.1181445
20131001_053058_522: 9.735477, -0.011882161, -1.1793045
20131001_053058_573: 9.74082, 0.08087533, -1.1315035
20131001_053058_622: 9.742935, 0.09262217, -1.1122218
20131001_053058_681: 9.752162, -0.030776247, -1.031893
20131001_053058_721: 9.751329, -0.11302666, -1.0340192
20131001_053058_772: 9.750715, 0.031197688, -1.0454545
20131001_053058_823: 9.743238, 0.19929421, -1.0954268
20131001_053058_875: 9.741418, 0.31333297, -1.084908
20131001_053058_924: 9.743517, 0.26951662, -1.0777862
20131001_053058_972: 9.746934, 0.20829584, -1.0603166
20131001_053059_022: 9.743677, 0.15295243, -1.098995
20131001_053059_073: 9.74753, 0.18738896, -1.0587434
20131001_053059_122: 9.74608, 0.19250469, -1.0710946
20131001_053059_176: 9.74316, 0.23892947, -1.0881665
20131001_053059_222: 9.743724, 0.22690848, -1.0857024
20131001_053059_272: 9.746313, 0.20267683, -1.0670933
20131001_053059_323: 9.742584, 0.17651013, -1.1051184
20131001_053059_372: 9.746033, 0.17863983, -1.0739388
20131001_053059_424: 9.751637, 0.04646189, -1.0362407
20131001_053059_475: 9.753201, 0.029157998, -1.0220611
20131001_053059_522: 9.75201, 0.080131814, -1.0306538
20131001_053059_573: 9.756221, 0.050530456, -0.99195004
20131001_053059_622: 9.748475, 0.03859335, -1.0659026
20131001_053059_674: 9.7547245, 0.013167817, -1.0077637
20131001_053059_722: 9.757759, -0.055903967, -0.97643125
20131001_053059_773: 9.758501, -0.023156127, -0.9703157
20131001_053059_822: 9.76268, 0.033796765, -0.9270038
20131001_053059_872: 9.770026, -0.056164663, -0.84486794
20131001_053059_925: 9.769695, 0.050888184, -0.84902245
20131001_053059_972: 9.767242, 0.06947978, -0.8755156
20131001_053100_022: 9.770187, 0.104306765, -0.8384201
20131001_053100_086: 9.771894, 0.12863837, -0.81481886
20131001_053100_122: 9.77418, 0.07268617, -0.7940599
20131001_053100_175: 9.778013, 0.033912208, -0.7481436
20131001_053100_222: 9.78064, 0.039431848, -0.7126906
20131001_053100_272: 9.779104, 0.08433482, -0.72965723
20131001_053100_322: 9.782707, 0.029426001, -0.6842124
20131001_053100_375: 9.781328, -0.05151567, -0.7024048
20131001_053100_424: 9.782767, -0.096691616, -0.6771242
20131001_053100_471: 9.78054, -0.11890052, -0.7051923
20131001_053100_522: 9.778484, -0.052329324, -0.7408821
20131001_053100_573: 9.779367, -0.05495938, -0.7289529
20131001_053100_622: 9.7791195, -0.09089959, -0.72866267
20131001_053100_675: 9.78118, -0.16523644, -0.68672
20131001_053102_436: 9.7817545, -0.117507316, -0.6883865
20131001_053102_444: 9.783566, -0.11338176, -0.6628493
20131001_053102_454: 9.785685, -0.09942688, -0.63314974
20131001_053102_460: 9.784637, -0.09723464, -0.64947546
20131001_053102_475: 9.783945, -0.025797581, -0.6664692
20131001_053102_481: 9.782687, -0.05788082, -0.68269646
20131001_053102_486: 9.781296, -0.12959406, -0.69270784
20131001_053102_491: 9.781628, 0.0033639236, -0.70010465
20131001_053102_497: 9.781105, 0.08995529, -0.7016268
20131001_053102_505: 9.782751, 0.03383856, -0.6834125
20131001_053102_512: 9.786209, 0.006080781, -0.6328198
20131001_053102_527: 9.786082, 0.050049394, -0.6328642
20131001_053102_533: 9.780886, 0.10620295, -0.7024018
20131001_053102_539: 9.782101, 0.12837708, -0.68149585
20131001_053102_545: 9.786704, -0.013577859, -0.6250214
20131001_053102_570: 9.783554, -0.023920389, -0.6722417
20131001_053102_594: 9.790121, -0.12916239, -0.5542732
20131001_053102_598: 9.7884035, -0.20918432, -0.56018096
20131001_053102_608: 9.790593, -0.16402794, -0.53643185
20131001_053102_612: 9.792333, -0.2524097, -0.46572572
20131001_053102_616: 9.791018, -0.2819649, -0.47632602
20131001_053102_620: 9.79697, -0.28091916, -0.33289778
20131001_053102_623: 9.79493, -0.37311554, -0.30086717
20131001_053102_628: 9.799482, -0.26361236, -0.26653352
20131001_053102_633: 9.799158, -0.2912468, -0.24918403
20131001_053102_643: 9.800369, -0.29552287, -0.18921617
20131001_053102_646: 9.797772, -0.36311552, -0.20544513
20131001_053102_649: 9.794868, -0.4753519, -0.07072978
20131001_053102_652: 9.794996, -0.4653335, -0.10917028
20131001_053102_656: 9.787782, -0.6078683, -0.014649288
20131001_053102_671: 9.79651, -0.44260496, -0.05350918
20131001_053102_683: 9.794467, -0.47612143, -0.11006635
20131001_053102_693: 9.786383, -0.6300199, 0.013220424
20131001_053102_697: 9.799011, -0.38695905, -0.0046206457
20131001_053102_700: 9.79528, -0.47206953, 0.004195406
20131001_053102_703: 9.785626, -0.63513887, 0.09241408
20131001_053102_707: 9.798785, -0.38259706, 0.08833382
20131001_053102_712: 9.803658, -0.24215427, -0.006415128
20131001_053102_719: 9.798553, -0.39834028, 0.0063078683
20131001_053102_728: 9.783263, -0.6522393, 0.18091947
20131001_053102_732: 9.798925, -0.36294132, 0.14047961
20131001_053102_771: 9.805412, -0.14323592, 0.06146569
20131001_053102_822: 9.802528, -0.2840306, 0.0116270175
20131001_053102_872: 9.795879, -0.45060325, 0.0900795
20131001_053102_927: 9.787363, -0.55241704, 0.2697285
20131001_053102_972: 9.784071, -0.46331835, 0.4771651
20131001_053103_022: 9.796934, -0.3034329, 0.31367344
20131001_053103_073: 9.80308, -0.15490414, 0.21454087
20131001_053103_122: 9.805145, -0.1222133, 0.12086773
20131001_053103_172: 9.805205, -0.15513737, 0.06529256
20131001_053103_225: 9.803187, -0.24088731, 0.09945611
20131001_053103_273: 9.804612, -0.19897448, 0.018818097
20131001_053103_323: 9.805184, -0.16925913, -0.00924246
20131001_053103_373: 9.805519, -0.09618337, -0.11367694
20131001_053103_422: 9.804138, 4.1501055E-4, -0.22199616
20131001_053103_472: 9.79905, 0.13692659, -0.36094403
20131001_053103_525: 9.786678, 0.27535453, -0.5617001
20131001_053103_574: 9.784239, 0.2881649, -0.5966975
20131001_053103_622: 9.786063, 0.2162918, -0.59715635
20131001_053103_672: 9.784912, 0.16419016, -0.63160896
20131001_053103_723: 9.794051, -0.042002283, -0.4951637
20131001_053103_772: 9.794057, -0.1498077, -0.4736834
20131001_053103_825: 9.7932825, -0.19695729, -0.47248045
20131001_053103_872: 9.791691, -0.19339229, -0.50576925
20131001_053103_923: 9.789593, -0.29220307, -0.4988748
20131001_053103_972: 9.789722, -0.4272361, -0.3862249
20131001_053104_023: 9.790524, -0.35442924, -0.4364128
20131001_053104_073: 9.787952, -0.37522098, -0.474967
20131001_053104_122: 9.7835245, -0.5091092, -0.44028088
20131001_053104_172: 9.784608, -0.4724489, -0.45672876
20131001_053104_223: 9.778472, -0.51820934, -0.53228086
20131001_053104_272: 9.774829, -0.5194269, -0.59437317
20131001_053104_323: 9.76791, -0.59530777, -0.6355422
20131001_053104_375: 9.76287, -0.64175916, -0.6670427
20131001_053104_423: 9.761453, -0.66323364, -0.6667384
20131001_053104_473: 9.756242, -0.76220226, -0.63653296
20131001_053104_523: 9.759537, -0.7266627, -0.62754476
20131001_053104_573: 9.7494335, -0.83427906, -0.65033495
20131001_053104_622: 9.752173, -0.7977309, -0.65506023
20131001_053104_680: 9.740644, -0.90813804, -0.68228847
20131001_053104_722: 9.737144, -0.9134712, -0.7238769
20131001_053104_772: 9.725767, -1.0255407, -0.72671705
20131001_053104_823: 9.716967, -1.103172, -0.7307152
20131001_053104_872: 9.717458, -1.081386, -0.7563155
20131001_053104_924: 9.695193, -1.2622858, -0.7617355
20131001_053104_972: 9.694803, -1.2606957, -0.7692966
20131001_053105_022: 9.698762, -1.2068506, -0.8049232
20131001_053105_073: 9.670283, -1.3918709, -0.8477733
20131001_053105_122: 9.63814, -1.5801524, -0.8830574
20131001_053105_172: 9.661445, -1.430335, -0.8837752
20131001_053105_225: 9.674466, -1.3299747, -0.8979089
20131001_053105_272: 9.648369, -1.5266639, -0.86524963
